0.02068
0.00276
0.02068
0.00276
0.00063
0.01303
0.00063
0.04304
0.04304
0.01303
0.00258
0.00035
0.00258
0.00035
0.00061
0.00061
0.00548
0.00548
0.01120
0.00235
0.01120
0.01530
0.01530
0.02285
0.02285
0.00235
0.00290
0.00290
0.01060
0.01035
0.01060
0.01657
0.01035
0.01657
0.00123
0.00847
0.00123
0.00847
0.00221
0.00255
0.00221
0.00255
0.01651
0.01651
0.01269
0.01269
0.00840
0.00362
0.00840
0.01304
0.00362
0.01304
0.00633
0.00633
0.00360
0.00360
0.00432
0.00394
0.00432
0.00394
0.00782
0.00364
0.00247
0.00782
0.00364
0.00030
0.00247
0.00102
0.00030
0.00212
0.00102
0.00006
0.00212
0.00356
0.00182
0.00182
0.00134
0.00006
0.00134
0.00438
0.00356
0.00438
0.00742
0.00742
0.00272
0.00405
0.00654
0.00272
0.00405
0.00654
0.02702
0.02702
0.01130
0.01130
0.00189
0.00126
0.00189
0.00406
0.00583
0.00126
0.00406
0.00583
0.00636
0.01397
0.01049
0.01397
0.00636
0.00434
0.01049
0.00434
0.00628
0.00628
0.00686
0.00686
0.00541
0.00119
0.00541
0.00119
0.01039
0.00252
0.01039
0.00120
0.00252
0.00120
0.01930
0.01930
0.01047
0.00033
0.01047
0.00033
0.00668
0.00668
0.00008
0.00008
0.02958
0.00403
0.02958
0.00403
0.00352
0.00352
0.00140
0.00140
0.00623
0.00404
0.00623
0.00404
0.00047
0.01706
0.00057
0.01706
0.00047
0.00256
0.00057
0.01287
0.00337
0.00256
0.01287
0.00337
0.00076
0.00076
0.00616
0.00008
0.00616
0.00008
0.00296
0.00296
0.00054
0.00054
0.00014
0.00014
0.00843
0.00843
0.00458
0.00407
0.02331
0.00458
0.00956
0.00956
0.00092
0.00407
0.02331
0.00092
0.01207
0.01207
0.02800
0.01234
0.02800
0.00245
0.00341
0.00245
0.01234
0.01225
0.00341
0.00255
0.01225
0.00411
0.00255
0.00411
0.00036
0.00036
0.01749
0.01749
0.00426
0.00426
0.00182
0.00011
0.00182
0.00011
0.00063
0.00063
0.00053
0.00053
0.01244
0.01244
0.00002
0.00005
0.00005
0.00002
0.00619
0.01862
0.00619
0.01862
0.02156
0.02156
0.01685
0.01685
0.00194
0.00194
0.00369
0.00369
0.00878
0.00878
0.01510
0.01210
0.01510
0.01210
0.00794
0.00794
0.01285
0.01285
0.00024
0.00436
0.00024
0.00436
0.00121
0.00297
0.00121
0.00509
0.00297
0.00509
0.00038
0.00038
0.01410
0.01410
0.00423
0.00120
0.00423
0.01380
0.01380
0.00249
0.00120
0.00771
0.00249
0.00771
0.00492
0.00560
0.00492
0.00560
0.00736
0.00556
0.00736
0.00144
0.01001
0.01687
0.00556
0.01001
0.00144
0.01687
0.00380
0.00380
0.00130
0.00068
0.00130
0.00068
0.00262
0.00262
0.00286
0.00055
0.00055
0.00212
0.00286
0.00212
0.00865
0.00176
0.00865
0.00176
0.00868
0.00868
0.00047
0.00047
0.00530
0.00530
0.00987
0.00613
0.00987
0.00551
0.00613
0.00117
0.00551
0.00213
0.00154
0.00117
0.00213
0.01013
0.00154
0.01457
0.01013
0.01457
0.00810
0.00483
0.00483
0.00810
0.00058
0.00058
0.00367
0.01070
0.00367
0.01246
0.00533
0.00615
0.01070
0.01246
0.02104
0.00590
0.02104
0.00533
0.00615
0.00908
0.00590
0.00800
0.00908
0.00342
0.00800
0.00643
0.00643
0.00172
0.00342
0.00172
0.00723
0.00990
0.02603
0.00723
0.00990
0.00257
0.00257
0.00216
0.02603
0.00805
0.00216
0.00805
0.00546
0.00486
0.00546
0.00486
0.00964
0.00416
0.00416
0.01809
0.00964
0.00150
0.01253
0.01809
0.01253
0.00150
0.01075
0.01075
0.00046
0.00084
0.00046
0.00054
0.00084
0.00256
0.00054
0.01021
0.01030
0.01021
0.00256
0.01299
0.01030
0.01299
0.01846
0.01846
0.02107
0.02107
0.00058
0.00058
0.00198
0.00198
0.00356
0.02098
0.00356
0.00232
0.00232
0.02098
0.00125
0.00125
0.00572
0.00572
0.00421
0.00027
0.00421
0.00661
0.00055
0.00732
0.00027
0.00732
0.00661
0.00046
0.00055
0.00046
0.00206
0.00206
0.00364
0.00022
0.00022
0.00751
0.00364
0.00751
0.00148
0.00148
0.00059
0.01326
0.00059
0.00037
0.00037
0.01326
0.02011
0.02011
0.01106
0.00085
0.01106
0.00744
0.00085
0.00744
0.01842
0.01842
0.00466
0.00466
0.00486
0.00619
0.00486
0.00321
0.00619
0.00954
0.00321
0.00327
0.00735
0.00954
0.00327
0.00870
0.00735
0.00442
0.00870
0.01498
0.00442
0.01212
0.01498
0.00535
0.00535
0.01212
0.00917
0.00917
0.00719
0.00719
0.00400
0.00400
0.00614
0.00614
0.00474
0.00823
0.00477
0.00823
0.00474
0.00477
0.00327
0.01280
0.00085
0.00327
0.00085
0.00628
0.01280
0.01026
0.01026
0.00628
0.00486
0.00486
0.00658
0.00658
0.00021
0.00021
0.01510
0.01713
0.01510
0.01713
0.01624
0.01624
0.01615
0.00195
0.00195
0.00426
0.00205
0.00205
0.00107
0.01615
0.01871
0.01871
0.00426
0.00202
0.00107
0.00202
0.00197
0.00197
0.01108
0.01108
0.00397
0.00369
0.00397
0.00581
0.00048
0.00369
0.00586
0.00581
0.00240
0.00048
0.00474
0.00586
0.00240
0.01860
0.01860
0.00474
0.00391
0.00391
0.00157
0.00157
0.00170
0.00186
0.00117
0.00170
0.00186
0.00117
0.00179
0.00179
0.00104
0.00104
0.00126
0.00001
0.00119
0.00119
0.00126
0.00001
0.00220
0.00220
0.00274
0.00274
0.00329
0.00329
0.00150
0.00150
0.00679
0.00679
0.00660
0.00541
0.00660
0.00404
0.00541
0.00728
0.00404
0.00044
0.00728
0.00541
0.00044
0.01415
0.00073
0.00541
0.00722
0.01415
0.01388
0.01388
0.00124
0.00073
0.00722
0.00437
0.00124
0.00437
0.00116
0.00116
0.00035
0.00035
0.00159
0.00159
0.00462
0.00462
0.01036
0.01036
0.00513
0.00435
0.00513
0.00435
0.00600
0.00600
0.01196
0.00488
0.01196
0.01970
0.01970
0.00272
0.00488
0.00885
0.00272
0.00885
0.00533
0.00533
0.00410
0.00410
0.00476
0.00476
0.00130
0.00130
0.00298
0.00298
0.00727
0.00727
0.00132
0.00132
0.01175
0.00669
0.00219
0.00669
0.00862
0.01175
0.00862
0.00219
0.00278
0.00278
0.00380
0.00380
0.00477
0.00306
0.00477
0.00446
0.00446
0.01729
0.00306
0.00213
0.01729
0.01268
0.00213
0.00438
0.01268
0.01433
0.00438
0.01433
0.00593
0.00649
0.00593
0.00615
0.00358
0.00649
0.00615
0.00302
0.00302
0.00030
0.00358
0.00030
0.00558
0.00558
0.00378
0.00378
0.00621
0.00621
0.01067
0.01067
0.01380
0.00211
0.00211
0.01380
0.00890
0.00239
0.00890
0.00239
0.00563
0.00563
0.00259
0.00259
0.00147
0.00147
0.00151
0.00411
0.00056
0.00151
0.00102
0.00164
0.00411
0.00102
0.00056
0.00467
0.00533
0.00164
0.00630
0.00467
0.00320
0.00533
0.00630
0.00550
0.00320
0.00279
0.00157
0.00550
0.00279
0.01972
0.01972
0.01811
0.00157
0.00327
0.00327
0.00326
0.00326
0.00261
0.00393
0.01811
0.00261
0.00393
0.00392
0.00392
0.00072
0.00072
0.00853
0.00597
0.00646
0.00853
0.00597
0.00646
0.00553
0.00553
0.00653
0.01573
0.00864
0.01573
0.00653
0.01019
0.00130
0.01019
0.00130
0.01060
0.01060
0.00705
0.00220
0.00864
0.01481
0.00705
0.01481
0.01555
0.00220
0.00654
0.01555
0.01465
0.00654
0.00753
0.00753
0.00060
0.00030
0.01465
0.00060
0.00030
0.00050
0.00539
0.00050
0.00539
0.00799
0.00799
0.00192
0.00192
0.00729
0.00729
0.01227
0.00515
0.00042
0.00042
0.01227
0.00427
0.00515
0.00427
0.00001
0.00001
0.00319
0.00319
0.00352
0.00438
0.01617
0.00352
0.00438
0.00871
0.01617
0.00871
0.00352
0.00352
0.00382
0.01118
0.00382
0.01118
0.00169
0.00169
0.00008
0.00008
0.00286
0.00286
0.00269
0.00454
0.00230
0.00269
0.00230
0.01042
0.00454
0.01042
0.00499
0.01544
0.02114
0.00499
0.01544
0.02114
0.01286
0.00209
0.01286
0.00209
0.02060
0.00266
0.02060
0.00266
0.02293
0.02293
0.00589
0.00589
0.00136
0.00720
0.00136
0.00720
0.00672
0.00672
0.00218
0.00218
0.00517
0.00517
0.00921
0.00921
0.00074
0.00925
0.00074
0.00473
0.00925
0.00473
0.00316
0.00316
0.00104
0.00113
0.00104
0.00113
0.00535
0.00535
0.00328
0.00328
0.03098
0.03098
0.00012
0.00123
0.00123
0.00012
0.00438
0.00438
0.00352
0.00352
0.00294
0.00294
0.00332
0.01572
0.00332
0.00074
0.00037
0.00066
0.01572
0.00037
0.00835
0.00835
0.00074
0.00066
0.00015
0.00015
0.00107
0.01523
0.01441
0.01523
0.00107
0.01441
0.01227
0.01227
0.00500
0.00671
0.00500
0.00804
0.00021
0.00021
0.00303
0.00671
0.00175
0.00804
0.01477
0.01477
0.00303
0.00175
0.00987
0.00136
0.00136
0.00283
0.00987
0.00283
0.00128
0.00523
0.00128
0.00523
0.00641
0.01085
0.01572
0.00641
0.01572
0.01471
0.01085
0.01471
0.02274
0.02274
0.02986
0.02986
0.01346
0.00636
0.01346
0.00270
0.00636
0.00270
0.00172
0.00172
0.00268
0.00256
0.00268
0.01275
0.00443
0.00951
0.00951
0.00256
0.00509
0.01275
0.00443
0.00136
0.00142
0.00509
0.00142
0.00657
0.01129
0.00136
0.00657
0.00443
0.01129
0.00443
0.00454
0.00454
0.00154
0.00154
0.00374
0.00374
0.00674
0.00501
0.00857
0.00674
0.00501
0.01323
0.00857
0.00574
0.00201
0.01323
0.01383
0.00201
0.01383
0.01511
0.00574
0.00696
0.01511
0.00197
0.02071
0.00696
0.00374
0.00108
0.00197
0.00374
0.02071
0.00093
0.00108
0.00276
0.00276
0.00093
0.00123
0.00123
0.00292
0.00292
0.00754
0.00193
0.00207
0.00754
0.00104
0.00104
0.00406
0.00193
0.00207
0.00397
0.00406
0.00252
0.01417
0.00252
0.00397
0.00199
0.01417
0.01632
0.00199
0.00186
0.00086
0.01632
0.00186
0.00259
0.00013
0.00086
0.00013
0.00259
0.00078
0.00264
0.00078
0.00264
0.01523
0.01523
0.01335
0.01335
0.01125
0.01125
0.01124
0.01124
0.00339
0.01505
0.01192
0.00339
0.01015
0.01505
0.01192
0.01015
0.00484
0.00484
0.00555
0.00151
0.00555
0.00605
0.00151
0.00300
0.00300
0.00194
0.00325
0.00605
0.00194
0.00325
0.00179
0.00428
0.00179
0.00428
0.00020
0.00254
0.00020
0.00254
0.00520
0.00520
0.00838
0.00838
0.00456
0.00305
0.00456
0.00305
0.00131
0.00058
0.00672
0.00058
0.00366
0.00450
0.00624
0.00131
0.00450
0.00672
0.00366
0.00244
0.00624
0.00533
0.01736
0.00580
0.00244
0.00533
0.00158
0.01736
0.00063
0.00580
0.00197
0.00158
0.02123
0.00063
0.00197
0.00259
0.00259
0.00428
0.02123
0.00428
0.00289
0.00780
0.00141
0.00343
0.00289
0.00780
0.00141
0.01194
0.00343
0.01194
0.00976
0.00122
0.00976
0.00122
0.01215
0.01215
0.00193
0.00193
0.00069
0.00069
0.00888
0.00950
0.00888
0.00270
0.00041
0.00950
0.00085
0.00270
0.00041
0.00085
0.00093
0.00093
0.00860
0.00860
0.00159
0.00069
0.00159
0.00069
0.00128
0.00128
0.00157
0.00867
0.00968
0.00157
0.00867
0.00541
0.00968
0.00541
0.00008
0.00008
0.01526
0.01526
0.00059
0.00451
0.00059
0.00451
0.00166
0.00166
0.00601
0.00578
0.00601
0.00568
0.00568
0.00578
0.01605
0.00475
0.00475
0.01605
0.00629
0.00917
0.00917
0.00629
0.00748
0.00748
0.00027
0.00220
0.00027
0.00220
0.00208
0.00208
0.00210
0.00210
0.00355
0.00488
0.00355
0.00353
0.00488
0.01404
0.00289
0.00353
0.01404
0.00906
0.00289
0.00306
0.00906
0.00306
0.01239
0.01239
0.00014
0.00014
0.00386
0.00386
0.00166
0.00871
0.00502
0.00166
0.00132
0.00871
0.00132
0.00568
0.00502
0.00369
0.00504
0.00568
0.00807
0.00369
0.00107
0.00107
0.00012
0.00504
0.00029
0.00807
0.00029
0.01026
0.01026
0.00012
0.00398
0.00302
0.00398
0.00546
0.00514
0.00302
0.00546
0.00081
0.00688
0.01051
0.00514
0.00688
0.00081
0.00534
0.01051
0.00968
0.00534
0.00314
0.00314
0.00635
0.00968
0.01237
0.01237
0.01334
0.00635
0.00432
0.01334
0.00423
0.00432
0.00423
0.00104
0.00104
0.01782
0.01782
0.00076
0.00990
0.00076
0.00011
0.00990
0.01468
0.00011
0.01468
0.00934
0.00934
0.01512
0.00587
0.00124
0.01512
0.00066
0.00587
0.00124
0.00066
0.00929
0.00929
0.01006
0.00120
0.01006
0.00120
0.00567
0.00567
0.01118
0.01118
0.01180
0.01180
0.00438
0.00438
0.00115
0.00115
0.00156
0.00156
0.02760
0.02760
0.00298
0.00269
0.00269
0.00298
0.00567
0.00567
0.00652
0.00652
0.00061
0.00349
0.00061
0.00658
0.00658
0.00272
0.00272
0.00349
0.00057
0.00627
0.00057
0.00394
0.00627
0.00159
0.00595
0.00394
0.00159
0.00595
0.00732
0.00732
0.00058
0.00058
0.00214
0.00214
0.00031
0.00031
0.00076
0.00277
0.00420
0.00076
0.00277
0.00420
0.00092
0.00092
0.00298
0.00024
0.00298
0.00192
0.00024
0.00192
0.00496
0.00099
0.00496
0.00099
0.00548
0.00548
0.00281
0.00524
0.00281
0.00524
0.00351
0.00058
0.00351
0.00058
0.00089
0.00205
0.00395
0.00089
0.00205
0.00079
0.00079
0.00395
0.00619
0.00619
0.00530
0.00530
0.01632
0.01632
0.00883
0.00883
0.00010
0.00144
0.00010
0.01038
0.00144
0.01038
0.01211
0.00218
0.00218
0.00112
0.01211
0.00866
0.00112
0.00866
0.00851
0.00851
0.00796
0.00796
0.00534
0.00534
0.00094
0.00179
0.00327
0.00179
0.00094
0.00327
0.01502
0.00458
0.01502
0.00458
0.01992
0.00448
0.00452
0.01992
0.00455
0.00448
0.00455
0.00452
0.00482
0.00482
0.00497
0.00116
0.00540
0.00497
0.00116
0.00540
0.00596
0.00596
0.00383
0.00383
0.01106
0.00650
0.00650
0.00726
0.01106
0.00560
0.00228
0.00228
0.00475
0.00726
0.00560
0.00475
0.00220
0.00220
0.00316
0.00184
0.00316
0.00184
0.00634
0.00748
0.00634
0.00748
0.00261
0.00089
0.00089
0.00433
0.00261
0.00178
0.00178
0.00300
0.00433
0.00300
0.00446
0.00446
0.00217
0.00217
0.02179
0.02179
0.00024
0.00193
0.00193
0.00024
0.00311
0.00226
0.00311
0.00261
0.00226
0.00261
0.00092
0.00092
0.00105
0.00105
0.00125
0.00222
0.00222
0.02089
0.00125
0.02089
0.00683
0.00683
0.01327
0.00546
0.00360
0.01327
0.00546
0.00430
0.00491
0.00430
0.00360
0.00491
0.00126
0.00126
0.00205
0.00121
0.00205
0.00121
0.00161
0.00672
0.00161
0.00812
0.00672
0.00812
0.01332
0.01332
0.01517
0.00321
0.00321
0.01517
0.01724
0.01724
0.00209
0.00209
0.00710
0.00710
0.00177
0.00177
0.00345
0.00345
0.00646
0.00646
0.00297
0.01221
0.01221
0.02241
0.00297
0.00371
0.03024
0.02241
0.00164
0.00164
0.00370
0.00371
0.00280
0.03024
0.00280
0.02045
0.00370
0.00233
0.02045
0.01546
0.00233
0.00151
0.01546
0.00144
0.00151
0.00144
0.00325
0.00325
0.00140
0.00157
0.00140
0.00157
0.00161
0.00018
0.00161
0.00018
0.00629
0.00215
0.00016
0.00215
0.00749
0.00629
0.00016
0.00210
0.00749
0.01300
0.00341
0.01300
0.01333
0.00210
0.01333
0.01433
0.00341
0.00129
0.01433
0.01497
0.00129
0.01497
0.00206
0.00206
0.00290
0.00290
0.00204
0.00204
0.00783
0.00783
0.01022
0.01127
0.01022
0.01127
0.00394
0.00394
0.00143
0.01225
0.00143
0.00326
0.00326
0.01225
0.01540
0.00796
0.00153
0.01540
0.00343
0.00343
0.00796
0.01597
0.00153
0.01597
0.00497
0.00112
0.00497
0.00112
0.00411
0.00411
0.00042
0.00042
0.00400
0.00400
0.00091
0.00265
0.00091
0.00265
0.01026
0.00673
0.00673
0.01026
0.00894
0.00731
0.00894
0.02671
0.00731
0.02671
0.01435
0.01435
0.01897
0.00177
0.00177
0.01897
0.00338
0.00489
0.00358
0.00489
0.00338
0.00390
0.00358
0.00491
0.00680
0.00390
0.00491
0.00985
0.00985
0.00874
0.00680
0.00500
0.00874
0.00500
0.01079
0.00048
0.01079
0.00439
0.00439
0.00546
0.00586
0.00048
0.00546
0.00586
0.00332
0.00332
0.00353
0.00353
0.01250
0.01427
0.01250
0.01427
0.01547
0.00167
0.01547
0.00106
0.00213
0.00167
0.00106
0.01152
0.01152
0.00574
0.00213
0.00574
0.00917
0.00917
0.01186
0.00129
0.01186
0.01335
0.00518
0.01335
0.00129
0.00096
0.00518
0.00891
0.00453
0.00096
0.00161
0.00161
0.00891
0.00453
0.01225
0.01225
0.00884
0.00360
0.00360
0.01184
0.00884
0.01184
0.00447
0.00447
0.00409
0.00118
0.00409
0.00073
0.00118
0.00490
0.00073
0.00714
0.00490
0.00298
0.00714
0.00298
0.01568
0.01568
0.00916
0.00876
0.00916
0.00876
0.00600
0.00600
0.00565
0.01242
0.00842
0.01242
0.00565
0.00842
0.01072
0.01072
0.01016
0.01016
0.00528
0.00528
0.00351
0.00351
0.00041
0.00041
0.00001
0.00532
0.00586
0.00001
0.00532
0.00586
0.00230
0.00230
0.00324
0.00324
0.00599
0.00395
0.00599
0.01333
0.00395
0.01333
0.00017
0.00017
0.00691
0.03085
0.00691
0.03085
0.02600
0.02600
0.00501
0.00192
0.00192
0.00700
0.00700
0.00501
0.00718
0.00275
0.00275
0.00208
0.00718
0.00208
0.00162
0.00376
0.00162
0.00398
0.00376
0.00243
0.00398
0.00243
0.01576
0.01576
0.00199
0.00199
0.00579
0.00488
0.00579
0.00214
0.00214
0.00009
0.00488
0.01411
0.00009
0.01411
0.00997
0.00997
0.01468
0.00356
0.01468
0.00839
0.00356
0.00563
0.00126
0.00839
0.00563
0.01540
0.00253
0.00126
0.01540
0.00253
0.00886
0.00886
0.00318
0.00227
0.00318
0.01840
0.00207
0.01840
0.00227
0.00074
0.00207
0.00074
0.01145
0.01145
0.00159
0.00159
0.01099
0.00446
0.01099
0.00379
0.00446
0.00379
0.01890
0.01890
0.00373
0.00099
0.00373
0.00099
0.00395
0.00395
0.00845
0.00845
0.00390
0.00390
0.01042
0.01042
0.00156
0.01632
0.00156
0.01632
0.00369
0.00369
0.00371
0.00371
0.00141
0.00141
0.01907
0.00040
0.01907
0.01963
0.00498
0.00040
0.01963
0.01795
0.00498
0.00166
0.01795
0.01310
0.00166
0.01310
0.00875
0.00145
0.00323
0.00875
0.00145
0.00055
0.00323
0.00055
0.00031
0.00031
0.00039
0.00039
0.00554
0.01723
0.00554
0.00846
0.00846
0.00012
0.00012
0.01995
0.02080
0.01723
0.01995
0.00219
0.02080
0.00219
0.00199
0.00474
0.00199
0.00474
0.00222
0.00222
0.00583
0.00583
0.00184
0.00114
0.00184
0.00813
0.00813
0.00841
0.00114
0.00576
0.01358
0.00841
0.00576
0.01358
0.01414
0.01414
0.01256
0.00358
0.01256
0.00358
0.00987
0.00473
0.00473
0.00987
0.00292
0.00292
0.00026
0.00026
0.00528
0.00528
0.01165
0.00162
0.01165
0.00162
0.00960
0.00960
0.01346
0.01346
0.00395
0.00395
0.00225
0.00536
0.00225
0.01216
0.00536
0.01216
0.01003
0.00065
0.01003
0.00872
0.00065
0.00872
0.01607
0.00134
0.01607
0.01592
0.01592
0.00134
0.00184
0.00869
0.00184
0.00318
0.00839
0.00550
0.00869
0.00839
0.00318
0.00550
0.00269
0.00202
0.00269
0.00202
0.00005
0.00017
0.00005
0.00217
0.00057
0.00017
0.00217
0.00057
0.00510
0.00892
0.00510
0.00892
0.00581
0.00581
0.00556
0.00556
0.00019
0.00011
0.00175
0.00011
0.00279
0.00019
0.00085
0.00175
0.00279
0.00085
0.00554
0.00554
0.00617
0.00617
0.00764
0.00764
0.00375
0.00375
0.00370
0.00796
0.00796
0.01813
0.00370
0.01179
0.01813
0.00613
0.01179
0.00876
0.00613
0.01419
0.00876
0.00531
0.01419
0.00531
0.01161
0.00088
0.01161
0.00088
0.00238
0.00238
0.00582
0.00582
0.00333
0.00333
0.00190
0.00639
0.00190
0.00100
0.00639
0.00609
0.00279
0.00609
0.00100
0.00279
0.00664
0.00664
0.00424
0.00424
0.00250
0.00113
0.00250
0.00618
0.00701
0.00113
0.00618
0.00701
0.00246
0.01148
0.00246
0.01148
0.01314
0.00192
0.01314
0.00911
0.00192
0.00462
0.00462
0.00472
0.00966
0.00911
0.00472
0.00705
0.00705
0.00717
0.00966
0.00916
0.00717
0.00946
0.00916
0.00705
0.00946
0.00705
0.00889
0.00889
0.00531
0.00531
0.00079
0.00079
0.00933
0.00933
0.00551
0.00551
0.00441
0.00241
0.00241
0.00441
0.00448
0.00448
0.00923
0.00923
0.00221
0.00221
0.00692
0.01195
0.00692
0.00715
0.01195
0.01501
0.00715
0.00340
0.01501
0.01110
0.00677
0.00340
0.00677
0.00178
0.00178
0.01007
0.00041
0.01110
0.00652
0.00291
0.00291
0.00289
0.01007
0.00652
0.00709
0.00709
0.00041
0.00289
0.00811
0.00687
0.00811
0.00687
0.00536
0.00536
0.00573
0.00226
0.00226
0.00573
0.00849
0.00849
0.00210
0.00210
0.00211
0.00211
0.01451
0.01142
0.01451
0.01142
0.01309
0.01309
0.01561
0.01259
0.01259
0.00737
0.01561
0.00900
0.00900
0.00737
0.00589
0.00589
0.00101
0.00151
0.00101
0.00367
0.00151
0.00547
0.00170
0.00367
0.00170
0.00547
0.00484
0.00536
0.00484
0.01168
0.00536
0.00570
0.01168
0.01265
0.00115
0.00570
0.01265
0.01147
0.01147
0.00115
0.00274
0.00274
0.00381
0.00381
0.00143
0.00143
0.00127
0.00199
0.00749
0.00127
0.00199
0.01270
0.00749
0.00373
0.01270
0.00952
0.00373
0.01164
0.00911
0.00952
0.01164
0.00911
0.01536
0.00769
0.01536
0.00329
0.01019
0.00769
0.00838
0.00329
0.00035
0.01019
0.00838
0.01882
0.01882
0.00326
0.00035
0.00326
0.00054
0.00054
0.00096
0.00178
0.00096
0.00018
0.00178
0.00018
0.02091
0.01418
0.02091
0.02431
0.02431
0.01418
0.01142
0.01142
0.01050
0.00102
0.01050
0.01070
0.00102
0.01070
0.00637
0.00352
0.00239
0.00239
0.00637
0.00023
0.00352
0.00023
0.01421
0.00158
0.01421
0.02077
0.00161
0.00158
0.02077
0.02016
0.00161
0.00936
0.00499
0.02016
0.01481
0.00936
0.01481
0.02543
0.00499
0.00600
0.02543
0.00600
0.00285
0.00285
0.00926
0.00926
0.00002
0.00002
0.00572
0.00572
0.01183
0.01183
0.00287
0.00287
0.00061
0.00061
0.01693
0.01007
0.01693
0.01007
0.01293
0.01293
0.01489
0.00435
0.01489
0.01353
0.00331
0.00435
0.00456
0.00456
0.00527
0.00306
0.01353
0.00527
0.00331
0.00306
0.00005
0.00005
0.00069
0.00518
0.00069
0.01026
0.00083
0.01026
0.00140
0.00266
0.00176
0.00518
0.00140
0.00705
0.03062
0.00705
0.00083
0.00266
0.00176
0.00870
0.00202
0.03062
0.00870
0.00202
0.00201
0.00201
0.00797
0.00797
0.00337
0.00936
0.00970
0.00337
0.00239
0.00936
0.00325
0.00970
0.00239
0.00325
0.00039
0.00631
0.00039
0.00631
0.01844
0.01158
0.01844
0.01158
0.02004
0.00208
0.00208
0.02004
0.02630
0.02630
0.00272
0.01433
0.00272
0.00061
0.00061
0.00174
0.00351
0.01433
0.01323
0.00174
0.00351
0.00778
0.01323
0.01711
0.00195
0.00778
0.01711
0.00195
0.00359
0.00359
0.00131
0.00081
0.00118
0.00131
0.00081
0.00118
0.00121
0.00140
0.00736
0.00121
0.00139
0.00140
0.00139
0.00736
0.00896
0.00896
0.00299
0.00128
0.00128
0.00514
0.00965
0.00299
0.00514
0.00965
0.00896
0.00896
0.01494
0.01494
0.01031
0.01031
0.01285
0.01285
0.00082
0.00082
0.01034
0.00022
0.01034
0.00312
0.00022
0.00277
0.00312
0.00452
0.00277
0.00452
0.00420
0.00171
0.00420
0.00254
0.00171
0.00254
0.00068
0.00068
0.00299
0.00299
0.00082
0.00082
0.00094
0.00094
0.00746
0.00746
0.00651
0.00414
0.00264
0.00651
0.00264
0.00683
0.00414
0.00492
0.00683
0.00308
0.00492
0.00188
0.00182
0.00308
0.00188
0.00572
0.00271
0.00572
0.00455
0.00182
0.00455
0.00271
0.00044
0.00044
0.00201
0.00117
0.00201
0.00117
0.00441
0.00280
0.00441
0.00606
0.00657
0.00606
0.00280
0.01880
0.02487
0.00657
0.01880
0.02487
0.01002
0.00324
0.01002
0.01540
0.00324
0.00113
0.01540
0.01579
0.01579
0.01250
0.00113
0.01250
0.00184
0.00489
0.00113
0.00184
0.00489
0.00113
0.00095
0.00314
0.00342
0.00095
0.00314
0.01036
0.01036
0.00861
0.00342
0.00861
0.01582
0.00449
0.01178
0.00523
0.01582
0.01178
0.00089
0.00449
0.00523
0.00089
0.00720
0.00720
0.01455
0.01455
0.01537
0.01537
0.00004
0.00004
0.00263
0.00364
0.00246
0.00263
0.00364
0.00246
0.00149
0.00149
0.00459
0.00232
0.00459
0.00936
0.00936
0.00962
0.00232
0.00121
0.00962
0.02213
0.00121
0.00132
0.02213
0.01630
0.00132
0.00457
0.00055
0.01630
0.00457
0.00056
0.00055
0.00056
0.00590
0.00590
0.00217
0.00045
0.00217
0.00045
0.00123
0.00123
0.00099
0.00099
0.00840
0.00840
0.00485
0.00498
0.00247
0.00485
0.00968
0.00498
0.00247
0.00794
0.00968
0.01159
0.00051
0.00794
0.00057
0.01159
0.01212
0.00051
0.00057
0.00470
0.00180
0.01212
0.00470
0.00180
0.00314
0.00314
0.00386
0.00386
0.00379
0.00058
0.00379
0.00058
0.00125
0.00667
0.00125
0.00577
0.00667
0.00577
0.00168
0.00168
0.00003
0.00003
0.00901
0.00901
0.00089
0.00642
0.00089
0.00739
0.00739
0.02045
0.00642
0.02045
0.01443
0.01443
0.02181
0.02181
0.01483
0.01483
0.00661
0.00661
0.00307
0.00307
0.00317
0.00317
0.00782
0.00174
0.00782
0.00104
0.00331
0.00174
0.00104
0.00331
0.01570
0.01570
0.01034
0.01034
0.00126
0.00390
0.00390
0.00174
0.00174
0.00126
0.00011
0.00545
0.00545
0.00287
0.00287
0.00011
0.00339
0.00262
0.01602
0.00504
0.00339
0.01602
0.00262
0.00454
0.00504
0.00238
0.00454
0.00568
0.00522
0.00238
0.00568
0.00522
0.00376
0.00376
0.00266
0.00266
0.00067
0.00067
0.01424
0.01424
0.00842
0.01293
0.00842
0.01293
0.01409
0.01409
0.00056
0.00056
0.01217
0.01217
0.00197
0.00197
0.00051
0.00155
0.00051
0.00155
0.02201
0.02201
0.00647
0.00647
0.01487
0.01487
0.00206
0.00206
0.00057
0.00057
0.00837
0.00200
0.00837
0.00743
0.00063
0.00200
0.00156
0.00156
0.00743
0.00063
0.00727
0.00727
0.00501
0.00466
0.00501
0.00466
0.01742
0.00633
0.01742
0.01567
0.00633
0.00615
0.01567
0.01944
0.00999
0.01944
0.00047
0.00615
0.00999
0.00047
0.00056
0.01222
0.00056
0.01222
0.01512
0.00153
0.01512
0.01469
0.00153
0.00451
0.01469
0.00451
0.00798
0.00798
0.00711
0.00711
0.00071
0.00260
0.00819
0.00071
0.00260
0.00819
0.00043
0.00043
0.00885
0.00052
0.00983
0.00885
0.00052
0.00983
0.00864
0.01070
0.00864
0.00392
0.01070
0.00422
0.00392
0.00575
0.00422
0.00351
0.00575
0.00351
0.00002
0.00002
0.00205
0.00205
0.00174
0.00174
0.00194
0.00238
0.00194
0.00096
0.00436
0.00238
0.00305
0.00096
0.00437
0.00436
0.00305
0.00234
0.00437
0.00234
0.00058
0.00058
0.00269
0.00604
0.00269
0.00604
0.00054
0.00054
0.00190
0.00190
0.00685
0.00685
0.02488
0.02488
0.01242
0.01242
0.00698
0.00698
0.00486
0.00486
0.00712
0.00181
0.00712
0.01924
0.00181
0.01924
0.00881
0.00881
0.00686
0.00686
0.00119
0.00119
0.00022
0.00022
0.00235
0.00126
0.00235
0.00113
0.00126
0.00326
0.00113
0.00809
0.00326
0.00809
0.00999
0.00641
0.00999
0.00856
0.00641
0.00794
0.00856
0.01940
0.00794
0.00662
0.01940
0.00069
0.00662
0.00525
0.00525
0.00659
0.00069
0.00427
0.00659
0.00427
0.00548
0.00548
0.00246
0.00246
0.00270
0.00270
0.00749
0.00699
0.00749
0.00192
0.00699
0.00580
0.00580
0.00204
0.00192
0.00396
0.00204
0.00396
0.00460
0.00382
0.00460
0.00382
0.00264
0.00071
0.00264
0.00071
0.00827
0.00068
0.00827
0.01008
0.00068
0.00151
0.01008
0.00933
0.00933
0.00544
0.00151
0.00440
0.00544
0.00525
0.00440
0.00525
0.00175
0.00175
0.00280
0.00081
0.00280
0.00081
0.00372
0.00597
0.00010
0.00688
0.00010
0.00554
0.00372
0.00554
0.00597
0.00688
0.00837
0.00455
0.00837
0.01412
0.01412
0.01031
0.00455
0.01031
0.00448
0.00448
0.00921
0.00921
0.00311
0.00311
0.01083
0.00678
0.01083
0.00678
0.02163
0.02163
0.00597
0.00597
0.00359
0.00359
0.00996
0.00996
0.02030
0.00321
0.02030
0.00013
0.00321
0.00013
0.00745
0.00218
0.00745
0.00747
0.00218
0.00747
0.02641
0.00695
0.02641
0.00695
0.00155
0.00604
0.00155
0.00604
0.01381
0.01381
0.00086
0.01069
0.01069
0.00779
0.00086
0.00779
