bins	g
0.0	0.0
0.01	0.0
0.02	0.0
0.03	0.0
0.04	0.0
0.05	0.0
0.06	0.0
0.07	0.0
0.08	0.0
0.09	0.0
0.1	0.0
0.11	0.0
0.12	0.0
0.13	0.0
0.14	0.0
0.15	0.0
0.16	0.0
0.17	0.0
0.18	0.0
0.19	0.0
0.2	0.0
0.21	0.0
0.22	0.0
0.23	0.0
0.24	0.0
0.25	0.0
0.26	0.0
0.27	0.0
0.28	0.0
0.29	0.0
0.3	0.0
0.31	0.0
0.32	0.0
0.33	0.0374
0.34	0.2543
0.35	0.9477
0.36	1.9873
0.37	4.0931
0.38	7.4981
0.39	10.5103
0.4	11.453
0.41	9.9291
0.42	6.633
0.43	4.5029
0.44	2.8725
0.45	1.7873
0.46	0.5996
0.47	0.3311
0.48	0.2206
0.49	0.2289
0.5	0.1371
0.51	0.2038
0.52	0.1279
0.53	0.1216
0.54	0.1464
0.55	0.1476
0.56	0.145
0.57	0.1644
0.58	0.1832
0.59	0.1836
0.6	0.2883
0.61	0.4648
0.62	0.5449
0.63	0.8079
0.64	1.0302
0.65	1.4352
0.66	1.7901
0.67	2.1658
0.68	2.6073
0.69	3.0696
0.7	3.665
0.71	4.0497
0.72	4.0436
0.73	3.6711
0.74	3.1503
0.75	2.8133
0.76	2.7355
0.77	2.7683
0.78	2.7199
0.79	3.1785
0.8	3.3198
0.81	3.1992
0.82	2.8875
0.83	2.5025
0.84	1.9944
0.85	1.7544
0.86	1.4054
0.87	1.0378
0.88	0.8119
0.89	0.6922
0.9	0.5356
0.91	0.4883
0.92	0.4717
0.93	0.4802
0.94	0.4818
0.95	0.5651
0.96	0.6139
0.97	0.746
0.98	0.8819
0.99	0.9811
1.0	1.1833
1.01	1.6163
1.02	1.9277
1.03	2.2026
1.04	2.2643
1.05	2.5788
1.06	3.135
1.07	3.6161
1.08	3.6276
1.09	3.3249
1.1	3.2167
1.11	3.0404
1.12	2.8522
1.13	2.5428
1.14	2.2554
1.15	1.9163
1.16	1.8637
1.17	1.7778
1.18	1.9926
1.19	1.8806
1.2	1.7653
1.21	1.763
1.22	1.6969
1.23	1.6525
1.24	1.5833
1.25	1.3084
1.26	1.2214
1.27	1.1936
1.28	1.1039
1.29	1.1378
1.3	1.0336
1.31	0.8974
1.32	1.0229
1.33	1.1797
1.34	1.2149
1.35	1.3026
1.36	1.3967
1.37	1.4587
1.38	1.7135
1.39	1.8996
1.4	2.1145
1.41	2.3921
1.42	2.3724
1.43	2.5237
1.44	2.7664
1.45	2.8026
1.46	2.8081
1.47	2.8621
1.48	2.5826
1.49	2.4496
1.5	2.3421
1.51	2.2027
1.52	1.9279
1.53	1.8782
1.54	1.8798
1.55	1.6694
1.56	1.6385
1.57	1.5075
1.58	1.4833
1.59	1.478
1.6	1.5017
1.61	1.3839
1.62	1.3286
1.63	1.4497
1.64	1.5193
1.65	1.3914
1.66	1.4389
1.67	1.4039
1.68	1.4382
1.69	1.3861
1.7	1.4846
1.71	1.503
1.72	1.4221
1.73	1.6855
1.74	1.648
1.75	1.7783
1.76	2.0209
1.77	2.0881
1.78	2.1794
1.79	2.2191
1.8	2.2583
1.81	2.1877
1.82	2.2626
1.83	2.2515
1.84	2.2966
1.85	2.2204
1.86	2.2187
1.87	2.2216
1.88	2.1123
1.89	1.9952
1.9	1.8117
1.91	1.7228
1.92	1.6184
1.93	1.6417
1.94	1.4887
1.95	1.5536
1.96	1.4865
1.97	1.5475
1.98	1.4705
1.99	1.4918
2.0	1.4506
2.01	1.4959
2.02	1.4624
2.03	1.5072
2.04	1.5991
2.05	1.6325
2.06	1.5703
2.07	1.628
2.08	1.6607
2.09	1.6014
2.1	1.6581
2.11	1.8222
2.12	1.7877
2.13	1.9546
2.14	2.1102
2.15	2.0582
2.16	2.0458
2.17	1.9684
2.18	2.0068
2.19	1.9717
2.2	1.9522
2.21	1.9797
2.22	1.966
2.23	1.9554
2.24	1.9504
2.25	1.8321
2.26	1.8856
2.27	1.8244
2.28	1.8627
2.29	1.7394
2.3	1.6383
2.31	1.5673
2.32	1.5615
2.33	1.5367
2.34	1.5311
2.35	1.5749
2.36	1.5405
2.37	1.5403
2.38	1.5303
2.39	1.6043
2.4	1.6099
2.41	1.5761
2.42	1.533
2.43	1.6379
2.44	1.6589
2.45	1.7159
2.46	1.7081
2.47	1.7704
2.48	1.7871
2.49	1.7367
2.5	1.9257
2.51	1.8962
2.52	1.9373
2.53	1.8662
2.54	1.9013
2.55	1.8392
2.56	1.842
2.57	1.8077
2.58	1.8073
2.59	1.8737
2.6	1.8462
2.61	1.7235
2.62	1.804
2.63	1.6751
2.64	1.7688
2.65	1.743
2.66	1.7174
2.67	1.7047
2.68	1.711
2.69	1.7321
2.7	1.6069
2.71	1.6641
2.72	1.5082
2.73	1.5893
2.74	1.4563
2.75	1.5532
2.76	1.5736
2.77	1.6198
2.78	1.5767
2.79	1.6339
2.8	1.5912
2.81	1.6576
2.82	1.654
2.83	1.7534
2.84	1.7495
2.85	1.7352
2.86	1.806
2.87	1.7217
2.88	1.8375
2.89	1.834
2.9	1.7578
2.91	1.7453
2.92	1.7176
2.93	1.7428
2.94	1.7627
2.95	1.8033
2.96	1.7594
2.97	1.6774
2.98	1.7427
2.99	1.7044
3.0	1.7607
3.01	1.8131
3.02	1.7057
3.03	1.675
3.04	1.5604
3.05	1.6135
3.06	1.6628
3.07	1.6388
3.08	1.5965
3.09	1.5988
3.1	1.6284
3.11	1.6314
3.12	1.6025
3.13	1.5414
3.14	1.5721
3.15	1.5504
3.16	1.6391
3.17	1.6213
3.18	1.5989
3.19	1.6442
3.2	1.6266
3.21	1.7169
3.22	1.7057
3.23	1.6848
3.24	1.7024
3.25	1.7004
3.26	1.725
3.27	1.7165
3.28	1.7236
3.29	1.6695
3.3	1.6632
3.31	1.6748
3.32	1.734
3.33	1.7453
3.34	1.7534
3.35	1.7122
3.36	1.6764
3.37	1.6871
3.38	1.6677
3.39	1.6722
3.4	1.6915
3.41	1.6556
3.42	1.5754
3.43	1.5696
3.44	1.6098
3.45	1.5121
3.46	1.5255
3.47	1.5777
3.48	1.589
3.49	1.5305
3.5	1.598
3.51	1.638
3.52	1.6322
3.53	1.6042
3.54	1.6606
3.55	1.5815
3.56	1.5991
3.57	1.5668
3.58	1.6557
3.59	1.6911
3.6	1.5866
3.61	1.7175
3.62	1.6316
3.63	1.6289
3.64	1.6174
3.65	1.5974
3.66	1.6733
3.67	1.667
3.68	1.6694
3.69	1.7061
3.7	1.6884
3.71	1.6479
3.72	1.6833
3.73	1.6454
3.74	1.6427
3.75	1.6287
3.76	1.5654
3.77	1.6078
3.78	1.6125
3.79	1.6439
3.8	1.5907
3.81	1.5621
3.82	1.5132
3.83	1.5479
3.84	1.5114
3.85	1.5777
3.86	1.5129
3.87	1.5565
3.88	1.5743
3.89	1.5605
3.9	1.5733
3.91	1.6001
3.92	1.5895
3.93	1.6635
3.94	1.618
3.95	1.5973
3.96	1.5959
3.97	1.6345
3.98	1.6007
3.99	1.5739
4.0	1.6123
4.01	1.5866
4.02	1.578
4.03	1.6338
4.04	1.5927
4.05	1.6133
4.06	1.5822
4.07	1.6339
4.08	1.6165
4.09	1.5645
4.1	1.6107
4.11	1.6546
4.12	1.5931
4.13	1.5104
4.14	1.5589
4.15	1.5312
4.16	1.5799
4.17	1.5857
4.18	1.5546
4.19	1.5807
4.2	1.513
4.21	1.5215
4.22	1.566
4.23	1.5678
4.24	1.5521
4.25	1.5435
4.26	1.5136
4.27	1.5695
4.28	1.5367
4.29	1.5222
4.3	1.5939
4.31	1.5181
4.32	1.6052
4.33	1.5771
4.34	1.6031
4.35	1.5329
4.36	1.5842
4.37	1.5264
4.38	1.5509
4.39	1.5575
4.4	1.5977
4.41	1.5313
4.42	1.5331
4.43	1.5306
4.44	1.5924
4.45	1.5722
4.46	1.6156
4.47	1.5358
4.48	1.5381
4.49	1.5276
4.5	1.5228
4.51	1.5555
4.52	1.5133
4.53	1.5118
4.54	1.5234
4.55	1.5
4.56	1.5492
4.57	1.5194
4.58	1.547
4.59	1.5054
4.6	1.5729
4.61	1.5301
4.62	1.5845
4.63	1.5294
4.64	1.5389
4.65	1.4933
4.66	1.5287
4.67	1.5277
4.68	1.5172
4.69	1.5225
4.7	1.5616
4.71	1.4784
4.72	1.4542
4.73	1.4686
4.74	1.5052
4.75	1.5488
4.76	1.4891
4.77	1.5148
4.78	1.5143
4.79	1.5328
4.8	1.5349
4.81	1.5093
4.82	1.5386
4.83	1.5188
4.84	1.5218
4.85	1.5252
4.86	1.5403
4.87	1.5267
4.88	1.5175
4.89	1.5326
4.9	1.4907
4.91	1.5092
4.92	1.4837
4.93	1.4765
4.94	1.4615
4.95	1.4786
4.96	1.465
4.97	1.5182
4.98	1.5644
4.99	1.4778
5.0	1.5277
5.01	1.5171
5.02	1.4938
5.03	1.4985
5.04	1.4972
5.05	1.5009
5.06	1.485
5.07	1.4871
5.08	1.4421
5.09	1.4783
5.1	1.4452
5.11	1.4601
5.12	1.3908
5.13	1.4474
5.14	1.4339
5.15	1.4833
5.16	1.5231
5.17	1.5218
5.18	1.4776
5.19	1.5037
5.2	1.4878
5.21	1.4577
5.22	1.534
5.23	1.4736
5.24	1.4805
5.25	1.5051
5.26	1.5066
5.27	1.5066
5.28	1.4865
5.29	1.5173
5.3	1.4466
5.31	1.4698
5.32	1.4455
5.33	1.4563
5.34	1.4259
5.35	1.4473
5.36	1.4344
5.37	1.4892
5.38	1.4798
5.39	1.4523
5.4	1.4375
5.41	1.4579
5.42	1.4568
5.43	1.4257
5.44	1.4503
5.45	1.4239
5.46	1.4221
5.47	1.4845
5.48	1.4069
5.49	1.424
5.5	1.4195
5.51	1.4484
5.52	1.4074
5.53	1.4462
5.54	1.4726
5.55	1.4799
5.56	1.4274
5.57	1.4662
5.58	1.4405
5.59	1.4746
5.6	1.4278
5.61	1.518
5.62	1.44
5.63	1.4675
5.64	1.4319
5.65	1.4657
5.66	1.4089
5.67	1.4688
5.68	1.4643
5.69	1.4517
5.7	1.4418
5.71	1.4526
5.72	1.3968
5.73	1.4287
5.74	1.4317
5.75	1.3634
5.76	1.4268
5.77	1.3964
5.78	1.4035
5.79	1.4011
5.8	1.3721
5.81	1.3839
5.82	1.4099
5.83	1.4412
5.84	1.3649
5.85	1.4345
5.86	1.4061
5.87	1.4368
5.88	1.4096
5.89	1.4079
5.9	1.4095
5.91	1.4175
5.92	1.4397
5.93	1.3945
5.94	1.3921
5.95	1.4168
5.96	1.4247
5.97	1.4759
5.98	1.4168
5.99	1.4243
6.0	1.4431
6.01	1.4048
6.02	1.418
6.03	1.3956
6.04	1.4528
6.05	1.3665
6.06	1.3925
6.07	1.4025
6.08	1.3831
6.09	1.4156
6.1	1.4563
6.11	1.3746
6.12	1.391
6.13	1.3736
6.14	1.3589
6.15	1.3378
6.16	1.358
6.17	1.3441
6.18	1.3632
6.19	1.3343
6.2	1.3676
6.21	1.391
6.22	1.4187
6.23	1.3818
6.24	1.3413
6.25	1.3963
6.26	1.3664
6.27	1.3976
6.28	1.391
6.29	1.3881
6.3	1.4047
6.31	1.374
6.32	1.3715
6.33	1.4061
6.34	1.3976
6.35	1.376
6.36	1.3845
6.37	1.4069
6.38	1.4216
6.39	1.378
6.4	1.3894
6.41	1.3612
6.42	1.3996
6.43	1.3547
6.44	1.3332
6.45	1.3557
6.46	1.3687
6.47	1.3669
6.48	1.3468
6.49	1.3555
6.5	1.3424
6.51	1.3458
6.52	1.3337
6.53	1.3223
6.54	1.3076
6.55	1.3467
6.56	1.3185
6.57	1.3287
6.58	1.3261
6.59	1.3607
6.6	1.3474
6.61	1.3425
6.62	1.3552
6.63	1.3697
6.64	1.3431
6.65	1.3296
6.66	1.3604
6.67	1.3789
6.68	1.3848
6.69	1.3552
6.7	1.3715
6.71	1.3342
6.72	1.3605
6.73	1.3377
6.74	1.3285
6.75	1.3526
6.76	1.3882
6.77	1.3411
6.78	1.3541
6.79	1.3627
6.8	1.3262
6.81	1.3273
6.82	1.3409
6.83	1.352
6.84	1.3126
6.85	1.2563
6.86	1.3186
6.87	1.2982
6.88	1.3188
6.89	1.2975
6.9	1.3039
6.91	1.3268
6.92	1.25
6.93	1.3154
6.94	1.3275
6.95	1.2885
6.96	1.2875
6.97	1.3224
6.98	1.3366
6.99	1.3111
7.0	1.3319
7.01	1.33
7.02	1.3163
7.03	1.3277
7.04	1.3442
7.05	1.3125
7.06	1.3203
7.07	1.319
7.08	1.3231
7.09	1.3493
7.1	1.3337
7.11	1.3193
7.12	1.3089
7.13	1.3032
7.14	1.2732
7.15	1.3211
7.16	1.3143
7.17	1.2924
7.18	1.3224
7.19	1.3073
7.2	1.302
7.21	1.2623
7.22	1.277
7.23	1.3171
7.24	1.2366
7.25	1.2918
7.26	1.2804
7.27	1.2621
7.28	1.2615
7.29	1.2456
7.3	1.2847
7.31	1.2636
7.32	1.2876
7.33	1.2451
7.34	1.3072
7.35	1.2844
7.36	1.3114
7.37	1.2892
7.38	1.2969
7.39	1.2866
7.4	1.2788
7.41	1.2814
7.42	1.3068
7.43	1.2953
7.44	1.2913
7.45	1.2853
7.46	1.2933
7.47	1.2762
7.48	1.3127
7.49	1.3019
7.5	1.2852
7.51	1.2968
7.52	1.2478
7.53	1.2762
7.54	1.2863
7.55	1.247
7.56	1.2199
7.57	1.2387
7.58	1.2533
7.59	1.2285
7.6	1.2809
7.61	1.2586
7.62	1.2567
7.63	1.2473
7.64	1.2454
7.65	1.2562
7.66	1.2278
7.67	1.2314
7.68	1.2392
7.69	1.2651
7.7	1.2442
7.71	1.2574
7.72	1.2382
7.73	1.2388
7.74	1.2446
7.75	1.2698
7.76	1.2452
7.77	1.2739
7.78	1.2448
7.79	1.2874
7.8	1.2448
7.81	1.253
7.82	1.2776
7.83	1.2411
7.84	1.2479
7.85	1.266
7.86	1.2711
7.87	1.2666
7.88	1.2443
7.89	1.2674
7.9	1.2326
7.91	1.2342
7.92	1.2014
7.93	1.1839
7.94	1.2397
7.95	1.2238
7.96	1.2039
7.97	1.2287
7.98	1.23
7.99	1.184
8.0	1.214
8.01	1.1927
8.02	1.254
8.03	1.2163
8.04	1.2309
8.05	1.2178
8.06	1.2165
8.07	1.2095
8.08	1.2054
8.09	1.1963
8.1	1.2518
8.11	1.2028
8.12	1.2323
8.13	1.2227
8.14	1.1971
8.15	1.2478
8.16	1.2369
8.17	1.2323
8.18	1.2391
8.19	1.2306
8.2	1.2281
8.21	1.2028
8.22	1.2284
8.23	1.2218
8.24	1.2267
8.25	1.2229
8.26	1.1953
8.27	1.2233
8.28	1.1633
8.29	1.1892
8.3	1.2255
8.31	1.1604
8.32	1.1951
8.33	1.1972
8.34	1.1806
8.35	1.1728
8.36	1.1739
8.37	1.2148
8.38	1.186
8.39	1.1645
8.4	1.1789
8.41	1.1954
8.42	1.1736
8.43	1.2054
8.44	1.1861
8.45	1.2015
8.46	1.1666
8.47	1.1862
8.48	1.2083
8.49	1.1744
8.5	1.2144
8.51	1.1829
8.52	1.1748
8.53	1.1903
8.54	1.201
8.55	1.1984
8.56	1.2056
8.57	1.2035
8.58	1.226
8.59	1.1958
8.6	1.1513
8.61	1.1861
8.62	1.1793
8.63	1.1885
8.64	1.132
8.65	1.174
8.66	1.1541
8.67	1.1306
8.68	1.1692
8.69	1.1716
8.7	1.1449
8.71	1.1667
8.72	1.1661
8.73	1.1456
8.74	1.1547
8.75	1.1599
8.76	1.1658
8.77	1.1421
8.78	1.1656
8.79	1.1905
8.8	1.13
8.81	1.151
8.82	1.168
8.83	1.1585
8.84	1.1754
8.85	1.138
8.86	1.1522
8.87	1.1576
8.88	1.1472
8.89	1.1617
8.9	1.1699
8.91	1.1574
8.92	1.1789
8.93	1.1674
8.94	1.1935
8.95	1.1517
8.96	1.1457
8.97	1.156
8.98	1.1408
8.99	1.1436
9.0	1.1178
9.01	1.1316
9.02	1.1487
9.03	1.1275
9.04	1.1061
9.05	1.1168
9.06	1.1359
9.07	1.1356
9.08	1.143
9.09	1.1322
9.1	1.1235
9.11	1.1292
9.12	1.124
9.13	1.1114
9.14	1.1394
9.15	1.1234
9.16	1.1219
9.17	1.1428
9.18	1.1619
9.19	1.124
9.2	1.1343
9.21	1.1377
9.22	1.1063
9.23	1.1061
9.24	1.12
9.25	1.1147
9.26	1.1226
9.27	1.1568
9.28	1.1364
9.29	1.1176
9.3	1.1362
9.31	1.1116
9.32	1.1338
9.33	1.1131
9.34	1.1456
9.35	1.1467
9.36	1.0848
9.37	1.0945
9.38	1.0751
9.39	1.1163
9.4	1.0699
9.41	1.1076
9.42	1.1006
9.43	1.0957
9.44	1.1084
9.45	1.1229
9.46	1.0873
9.47	1.1444
9.48	1.0823
9.49	1.1128
9.5	1.1096
9.51	1.0755
9.52	1.0737
9.53	1.1197
9.54	1.1108
9.55	1.0854
9.56	1.0876
9.57	1.0805
9.58	1.117
9.59	1.1109
9.6	1.1111
9.61	1.0778
9.62	1.0793
9.63	1.0931
9.64	1.0878
9.65	1.1115
9.66	1.1119
9.67	1.0877
9.68	1.0879
9.69	1.0912
9.7	1.075
9.71	1.0741
9.72	1.0991
9.73	1.0547
9.74	1.1101
9.75	1.0945
9.76	1.0604
9.77	1.0664
9.78	1.0439
9.79	1.0699
9.8	1.0586
9.81	1.055
9.82	1.075
9.83	1.1161
9.84	1.0784
9.85	1.1152
9.86	1.064
9.87	1.0805
9.88	1.0582
9.89	1.0462
9.9	1.0563
9.91	1.0689
9.92	1.0717
9.93	1.0823
9.94	1.0499
9.95	1.0559
9.96	1.0701
9.97	1.0487
9.98	1.0735
