bins	g
0.0	0.0
0.01	0.0
0.02	0.0
0.03	0.0
0.04	0.0
0.05	0.0
0.06	0.0
0.07	0.0
0.08	0.0
0.09	0.0
0.1	0.0
0.11	0.0
0.12	0.0
0.13	0.0
0.14	0.0
0.15	0.0
0.16	0.0
0.17	0.0
0.18	0.0
0.19	0.0
0.2	0.0
0.21	0.0
0.22	0.0
0.23	0.0
0.24	0.0
0.25	0.0
0.26	0.0
0.27	0.0
0.28	0.0
0.29	0.0
0.3	0.0
0.31	0.0
0.32	0.0128
0.33	0.0871
0.34	0.3748
0.35	1.6928
0.36	4.6897
0.37	7.4174
0.38	8.8332
0.39	8.6811
0.4	7.7572
0.41	5.9099
0.42	4.4536
0.43	3.0779
0.44	2.3277
0.45	1.7711
0.46	1.3867
0.47	1.0845
0.48	0.9544
0.49	0.893
0.5	0.722
0.51	0.6023
0.52	0.559
0.53	0.721
0.54	0.5694
0.55	0.5592
0.56	0.6163
0.57	0.5509
0.58	0.5631
0.59	0.7195
0.6	0.6591
0.61	0.785
0.62	0.8229
0.63	0.9853
0.64	1.1915
0.65	1.3498
0.66	1.6455
0.67	1.7458
0.68	2.0363
0.69	2.497
0.7	2.6972
0.71	2.9478
0.72	3.0842
0.73	3.3971
0.74	3.1741
0.75	3.3885
0.76	3.1521
0.77	3.1958
0.78	2.9571
0.79	2.7694
0.8	2.8345
0.81	2.6348
0.82	2.3328
0.83	2.0002
0.84	1.8821
0.85	1.715
0.86	1.4302
0.87	1.4043
0.88	1.1579
0.89	1.0957
0.9	1.151
0.91	1.081
0.92	1.0512
0.93	1.0243
0.94	1.0179
0.95	0.9434
0.96	1.0122
0.97	1.1487
0.98	1.2397
0.99	1.3924
1.0	1.5294
1.01	1.5622
1.02	1.7298
1.03	1.8922
1.04	2.2249
1.05	2.2857
1.06	2.3969
1.07	2.4903
1.08	2.6752
1.09	2.7547
1.1	2.6537
1.11	2.6526
1.12	2.4288
1.13	2.3369
1.14	2.2025
1.15	2.2054
1.16	2.1703
1.17	2.0676
1.18	2.0236
1.19	1.9591
1.2	1.8065
1.21	1.894
1.22	1.7101
1.23	1.6212
1.24	1.6539
1.25	1.4913
1.26	1.4346
1.27	1.5176
1.28	1.4583
1.29	1.4259
1.3	1.3989
1.31	1.3594
1.32	1.4033
1.33	1.377
1.34	1.4828
1.35	1.6975
1.36	1.5616
1.37	1.6744
1.38	1.8146
1.39	1.8228
1.4	1.987
1.41	2.1205
1.42	2.0628
1.43	2.0896
1.44	2.2459
1.45	2.1639
1.46	2.3061
1.47	2.209
1.48	2.2368
1.49	2.1034
1.5	2.2114
1.51	2.0465
1.52	2.0358
1.53	1.8921
1.54	1.869
1.55	1.8461
1.56	1.7535
1.57	1.7103
1.58	1.625
1.59	1.6399
1.6	1.6547
1.61	1.6328
1.62	1.615
1.63	1.6283
1.64	1.5608
1.65	1.6393
1.66	1.646
1.67	1.587
1.68	1.6177
1.69	1.6953
1.7	1.7758
1.71	1.6473
1.72	1.7185
1.73	1.778
1.74	1.7751
1.75	1.8299
1.76	1.8279
1.77	1.8545
1.78	1.9056
1.79	1.9444
1.8	2.074
1.81	1.9812
1.82	1.9692
1.83	1.9539
1.84	1.9536
1.85	1.9727
1.86	1.9486
1.87	1.9506
1.88	1.9851
1.89	1.8922
1.9	1.7349
1.91	1.8372
1.92	1.7433
1.93	1.8128
1.94	1.7232
1.95	1.6
1.96	1.5779
1.97	1.6736
1.98	1.5738
1.99	1.6188
2.0	1.7139
2.01	1.6279
2.02	1.673
2.03	1.7063
2.04	1.6959
2.05	1.7031
2.06	1.7757
2.07	1.7356
2.08	1.7516
2.09	1.8349
2.1	1.8012
2.11	1.7977
2.12	1.7674
2.13	1.8224
2.14	1.8523
2.15	1.8437
2.16	1.844
2.17	1.9103
2.18	1.9518
2.19	1.892
2.2	1.7685
2.21	1.8349
2.22	1.8115
2.23	1.8185
2.24	1.7596
2.25	1.7097
2.26	1.7973
2.27	1.8469
2.28	1.7224
2.29	1.7214
2.3	1.6727
2.31	1.7485
2.32	1.7128
2.33	1.7182
2.34	1.6397
2.35	1.6426
2.36	1.5812
2.37	1.6991
2.38	1.6362
2.39	1.6981
2.4	1.6683
2.41	1.7191
2.42	1.6528
2.43	1.6504
2.44	1.7861
2.45	1.7978
2.46	1.7862
2.47	1.6818
2.48	1.8033
2.49	1.8291
2.5	1.8058
2.51	1.8566
2.52	1.8166
2.53	1.8253
2.54	1.8132
2.55	1.8061
2.56	1.7777
2.57	1.7412
2.58	1.7598
2.59	1.692
2.6	1.8039
2.61	1.6985
2.62	1.7001
2.63	1.7177
2.64	1.6633
2.65	1.7024
2.66	1.7055
2.67	1.685
2.68	1.674
2.69	1.6858
2.7	1.6843
2.71	1.6695
2.72	1.5936
2.73	1.6566
2.74	1.6482
2.75	1.6714
2.76	1.6455
2.77	1.6738
2.78	1.6792
2.79	1.652
2.8	1.6868
2.81	1.7551
2.82	1.7071
2.83	1.7048
2.84	1.7292
2.85	1.7765
2.86	1.813
2.87	1.8104
2.88	1.7295
2.89	1.8308
2.9	1.7627
2.91	1.7349
2.92	1.6654
2.93	1.7339
2.94	1.733
2.95	1.6964
2.96	1.6971
2.97	1.6005
2.98	1.6829
2.99	1.6689
3.0	1.6197
3.01	1.6613
3.02	1.725
3.03	1.6754
3.04	1.6852
3.05	1.6258
3.06	1.6101
3.07	1.6193
3.08	1.6928
3.09	1.6362
3.1	1.6262
3.11	1.5972
3.12	1.6361
3.13	1.6194
3.14	1.5598
3.15	1.6908
3.16	1.7402
3.17	1.6709
3.18	1.6895
3.19	1.6856
3.2	1.7265
3.21	1.685
3.22	1.7846
3.23	1.6811
3.24	1.7059
3.25	1.7162
3.26	1.7692
3.27	1.7296
3.28	1.6883
3.29	1.6659
3.3	1.5918
3.31	1.6699
3.32	1.6515
3.33	1.684
3.34	1.6259
3.35	1.6998
3.36	1.5484
3.37	1.6703
3.38	1.6136
3.39	1.5852
3.4	1.5818
3.41	1.6236
3.42	1.5713
3.43	1.6387
3.44	1.6315
3.45	1.6482
3.46	1.5922
3.47	1.6035
3.48	1.6019
3.49	1.6656
3.5	1.6687
3.51	1.5955
3.52	1.6401
3.53	1.6869
3.54	1.6398
3.55	1.6643
3.56	1.649
3.57	1.6875
3.58	1.7323
3.59	1.6447
3.6	1.6729
3.61	1.6221
3.62	1.6643
3.63	1.6324
3.64	1.5636
3.65	1.6645
3.66	1.6317
3.67	1.6129
3.68	1.5793
3.69	1.6397
3.7	1.6096
3.71	1.6172
3.72	1.5941
3.73	1.6125
3.74	1.6353
3.75	1.5983
3.76	1.5952
3.77	1.591
3.78	1.6102
3.79	1.6221
3.8	1.559
3.81	1.5654
3.82	1.5713
3.83	1.5915
3.84	1.5895
3.85	1.5936
3.86	1.6502
3.87	1.6187
3.88	1.5438
3.89	1.6912
3.9	1.557
3.91	1.6243
3.92	1.6245
3.93	1.6123
3.94	1.612
3.95	1.6522
3.96	1.6033
3.97	1.6088
3.98	1.6356
3.99	1.6251
4.0	1.6343
4.01	1.5486
4.02	1.5653
4.03	1.6216
4.04	1.5366
4.05	1.5209
4.06	1.5603
4.07	1.5736
4.08	1.5568
4.09	1.6485
4.1	1.5925
4.11	1.604
4.12	1.5673
4.13	1.6044
4.14	1.5603
4.15	1.5667
4.16	1.5381
4.17	1.5658
4.18	1.5393
4.19	1.5639
4.2	1.5511
4.21	1.56
4.22	1.5938
4.23	1.596
4.24	1.5674
4.25	1.5726
4.26	1.5635
4.27	1.5984
4.28	1.5666
4.29	1.5851
4.3	1.5804
4.31	1.5836
4.32	1.5443
4.33	1.5558
4.34	1.5459
4.35	1.5938
4.36	1.5563
4.37	1.6001
4.38	1.5955
4.39	1.5303
4.4	1.5287
4.41	1.5487
4.42	1.5333
4.43	1.5508
4.44	1.5174
4.45	1.5225
4.46	1.575
4.47	1.5379
4.48	1.5599
4.49	1.5885
4.5	1.5638
4.51	1.543
4.52	1.5135
4.53	1.5418
4.54	1.5115
4.55	1.4952
4.56	1.5238
4.57	1.5547
4.58	1.5158
4.59	1.5594
4.6	1.5418
4.61	1.5092
4.62	1.5612
4.63	1.5442
4.64	1.5559
4.65	1.5371
4.66	1.5415
4.67	1.5432
4.68	1.493
4.69	1.5366
4.7	1.5527
4.71	1.5229
4.72	1.5336
4.73	1.537
4.74	1.4826
4.75	1.511
4.76	1.5868
4.77	1.518
4.78	1.5117
4.79	1.5073
4.8	1.5472
4.81	1.5102
4.82	1.5351
4.83	1.511
4.84	1.5493
4.85	1.4882
4.86	1.4678
4.87	1.4886
4.88	1.5206
4.89	1.4825
4.9	1.4498
4.91	1.4924
4.92	1.4636
4.93	1.5027
4.94	1.5304
4.95	1.5282
4.96	1.5213
4.97	1.4919
4.98	1.5126
4.99	1.5557
5.0	1.5235
5.01	1.5171
5.02	1.53
5.03	1.527
5.04	1.4674
5.05	1.4616
5.06	1.4892
5.07	1.4637
5.08	1.517
5.09	1.4775
5.1	1.4995
5.11	1.4998
5.12	1.4792
5.13	1.5311
5.14	1.471
5.15	1.439
5.16	1.4616
5.17	1.5196
5.18	1.5033
5.19	1.493
5.2	1.5016
5.21	1.4744
5.22	1.4711
5.23	1.4332
5.24	1.445
5.25	1.4603
5.26	1.4644
5.27	1.4372
5.28	1.4792
5.29	1.4784
5.3	1.5087
5.31	1.5019
5.32	1.484
5.33	1.448
5.34	1.4793
5.35	1.4805
5.36	1.4627
5.37	1.5064
5.38	1.4757
5.39	1.4135
5.4	1.5086
5.41	1.4625
5.42	1.4286
5.43	1.4493
5.44	1.4925
5.45	1.4266
5.46	1.4534
5.47	1.4727
5.48	1.4396
5.49	1.4551
5.5	1.4501
5.51	1.5119
5.52	1.4629
5.53	1.4201
5.54	1.4393
5.55	1.4569
5.56	1.4296
5.57	1.446
5.58	1.4404
5.59	1.4336
5.6	1.4262
5.61	1.4771
5.62	1.4275
5.63	1.4268
5.64	1.449
5.65	1.433
5.66	1.482
5.67	1.4481
5.68	1.4351
5.69	1.4126
5.7	1.426
5.71	1.4224
5.72	1.4654
5.73	1.4473
5.74	1.4496
5.75	1.4136
5.76	1.431
5.77	1.4344
5.78	1.4001
5.79	1.4459
5.8	1.3909
5.81	1.4333
5.82	1.4061
5.83	1.4446
5.84	1.448
5.85	1.4159
5.86	1.4113
5.87	1.4517
5.88	1.4331
5.89	1.4192
5.9	1.42
5.91	1.4173
5.92	1.3824
5.93	1.3797
5.94	1.4012
5.95	1.4319
5.96	1.4206
5.97	1.414
5.98	1.441
5.99	1.4082
6.0	1.4027
6.01	1.4345
6.02	1.3816
6.03	1.4427
6.04	1.3788
6.05	1.4306
6.06	1.4011
6.07	1.3807
6.08	1.4034
6.09	1.3713
6.1	1.3978
6.11	1.4041
6.12	1.3956
6.13	1.3613
6.14	1.4393
6.15	1.3761
6.16	1.3729
6.17	1.4182
6.18	1.4013
6.19	1.401
6.2	1.4066
6.21	1.3744
6.22	1.4092
6.23	1.3917
6.24	1.3709
6.25	1.389
6.26	1.3834
6.27	1.3751
6.28	1.3648
6.29	1.3842
6.3	1.3632
6.31	1.4046
6.32	1.38
6.33	1.3855
6.34	1.3619
6.35	1.4317
6.36	1.3862
6.37	1.3698
6.38	1.3789
6.39	1.3672
6.4	1.3908
6.41	1.3992
6.42	1.3279
6.43	1.3646
6.44	1.3398
6.45	1.3787
6.46	1.3913
6.47	1.3304
6.48	1.4239
6.49	1.3618
6.5	1.359
6.51	1.3537
6.52	1.3584
6.53	1.3486
6.54	1.3478
6.55	1.3019
6.56	1.3795
6.57	1.341
6.58	1.3432
6.59	1.3761
6.6	1.3199
6.61	1.3828
6.62	1.374
6.63	1.3735
6.64	1.3613
6.65	1.3408
6.66	1.3575
6.67	1.3374
6.68	1.3803
6.69	1.3701
6.7	1.3337
6.71	1.3244
6.72	1.357
6.73	1.3619
6.74	1.3452
6.75	1.3473
6.76	1.3818
6.77	1.348
6.78	1.3423
6.79	1.3011
6.8	1.3566
6.81	1.3202
6.82	1.3248
6.83	1.3241
6.84	1.3422
6.85	1.3397
6.86	1.3118
6.87	1.3105
6.88	1.3329
6.89	1.3095
6.9	1.341
6.91	1.288
6.92	1.3215
6.93	1.3401
6.94	1.2849
6.95	1.3079
6.96	1.3228
6.97	1.3018
6.98	1.352
6.99	1.3141
7.0	1.3478
7.01	1.3248
7.02	1.3392
7.03	1.3267
7.04	1.3303
7.05	1.3239
7.06	1.3376
7.07	1.3545
7.08	1.3765
7.09	1.2982
7.1	1.3318
7.11	1.2907
7.12	1.3305
7.13	1.2607
7.14	1.3244
7.15	1.2945
7.16	1.287
7.17	1.272
7.18	1.2717
7.19	1.3093
7.2	1.2966
7.21	1.2784
7.22	1.2931
7.23	1.2843
7.24	1.2912
7.25	1.3064
7.26	1.3113
7.27	1.2973
7.28	1.2885
7.29	1.2862
7.3	1.283
7.31	1.3072
7.32	1.2965
7.33	1.2685
7.34	1.2622
7.35	1.2832
7.36	1.3251
7.37	1.2817
7.38	1.2694
7.39	1.3162
7.4	1.327
7.41	1.2876
7.42	1.295
7.43	1.3126
7.44	1.3174
7.45	1.3221
7.46	1.2861
7.47	1.2742
7.48	1.2968
7.49	1.2668
7.5	1.2674
7.51	1.2674
7.52	1.2466
7.53	1.2553
7.54	1.2116
7.55	1.2677
7.56	1.2579
7.57	1.2434
7.58	1.2551
7.59	1.2855
7.6	1.2735
7.61	1.253
7.62	1.2458
7.63	1.2605
7.64	1.2846
7.65	1.2528
7.66	1.2743
7.67	1.2476
7.68	1.276
7.69	1.2611
7.7	1.2592
7.71	1.2905
7.72	1.251
7.73	1.2571
7.74	1.2751
7.75	1.2467
7.76	1.2577
7.77	1.2715
7.78	1.2398
7.79	1.271
7.8	1.2653
7.81	1.2726
7.82	1.2504
7.83	1.2591
7.84	1.2508
7.85	1.2613
7.86	1.2425
7.87	1.238
7.88	1.245
7.89	1.2388
7.9	1.2156
7.91	1.1898
7.92	1.2398
7.93	1.2382
7.94	1.2286
7.95	1.2005
7.96	1.2317
7.97	1.2373
7.98	1.2326
7.99	1.1945
8.0	1.2461
8.01	1.2253
8.02	1.2401
8.03	1.2512
8.04	1.2179
8.05	1.23
8.06	1.2227
8.07	1.2694
8.08	1.2197
8.09	1.25
8.1	1.2347
8.11	1.2282
8.12	1.2067
8.13	1.2501
8.14	1.2117
8.15	1.2424
8.16	1.2261
8.17	1.2244
8.18	1.2273
8.19	1.2283
8.2	1.199
8.21	1.1934
8.22	1.2151
8.23	1.2247
8.24	1.2301
8.25	1.201
8.26	1.1962
8.27	1.2001
8.28	1.167
8.29	1.2062
8.3	1.2241
8.31	1.2277
8.32	1.198
8.33	1.1664
8.34	1.1987
8.35	1.1618
8.36	1.211
8.37	1.1757
8.38	1.2258
8.39	1.2087
8.4	1.2198
8.41	1.1854
8.42	1.1848
8.43	1.1907
8.44	1.2103
8.45	1.1926
8.46	1.2314
8.47	1.2255
8.48	1.1986
8.49	1.1735
8.5	1.1968
8.51	1.1844
8.52	1.2208
8.53	1.1998
8.54	1.1885
8.55	1.1666
8.56	1.1936
8.57	1.2058
8.58	1.1472
8.59	1.1818
8.6	1.1691
8.61	1.1832
8.62	1.1899
8.63	1.1847
8.64	1.1454
8.65	1.1511
8.66	1.1581
8.67	1.1887
8.68	1.172
8.69	1.1806
8.7	1.1569
8.71	1.1699
8.72	1.1746
8.73	1.1665
8.74	1.1707
8.75	1.1655
8.76	1.1591
8.77	1.1699
8.78	1.1909
8.79	1.1756
8.8	1.1772
8.81	1.1708
8.82	1.175
8.83	1.1684
8.84	1.1463
8.85	1.1562
8.86	1.1828
8.87	1.1584
8.88	1.182
8.89	1.1386
8.9	1.1701
8.91	1.1449
8.92	1.1313
8.93	1.1671
8.94	1.1708
8.95	1.1582
8.96	1.1538
8.97	1.1306
8.98	1.1512
8.99	1.1152
9.0	1.1341
9.01	1.157
9.02	1.1269
9.03	1.1215
9.04	1.138
9.05	1.1402
9.06	1.1278
9.07	1.1547
9.08	1.1311
9.09	1.158
9.1	1.1228
9.11	1.1392
9.12	1.1723
9.13	1.152
9.14	1.1559
9.15	1.1377
9.16	1.1538
9.17	1.1797
9.18	1.1131
9.19	1.1247
9.2	1.1198
9.21	1.1524
9.22	1.1158
9.23	1.1418
9.24	1.1111
9.25	1.1369
9.26	1.1222
9.27	1.1139
9.28	1.0972
9.29	1.1415
9.3	1.1183
9.31	1.1157
9.32	1.1231
9.33	1.1299
9.34	1.113
9.35	1.0928
9.36	1.1215
9.37	1.121
9.38	1.0729
9.39	1.1071
9.4	1.0931
9.41	1.116
9.42	1.0995
9.43	1.0883
9.44	1.1257
9.45	1.1077
9.46	1.115
9.47	1.1388
9.48	1.1312
9.49	1.1529
9.5	1.1283
9.51	1.128
9.52	1.1233
9.53	1.1126
9.54	1.0926
9.55	1.0861
9.56	1.1065
9.57	1.1009
9.58	1.1273
9.59	1.0688
9.6	1.099
9.61	1.0827
9.62	1.0734
9.63	1.0795
9.64	1.0887
9.65	1.078
9.66	1.0771
9.67	1.1063
9.68	1.0982
9.69	1.0709
9.7	1.1079
9.71	1.0615
9.72	1.095
9.73	1.0776
9.74	1.06
9.75	1.0771
9.76	1.0819
9.77	1.0682
9.78	1.1162
9.79	1.0738
9.8	1.0802
9.81	1.0882
9.82	1.0871
9.83	1.098
9.84	1.0814
9.85	1.0898
9.86	1.0919
9.87	1.1101
9.88	1.1
9.89	1.0835
9.9	1.0794
9.91	1.0553
9.92	1.0904
9.93	1.061
9.94	1.0719
9.95	1.0519
9.96	1.0529
9.97	1.071
9.98	1.057
