0.5 1 83.4 389 
0.5 2 83.7 389 
0.5 3 83.3 389 
0.5 4 82.7 389 
0.5 5 83.45 388 
0.5 6 83.9 389 
0.5 7 83.85 389 
0.5 8 83.45 389 
0.5 9 83.8 389 
0.5 10 82.85 389 
1 1 47.25 389 
1 2 47.15 387 
1 3 46.75 389 
1 4 47.3 388 
1 5 46.4 389 
1 6 47 389 
1 7 46.2 389 
1 8 47.4 388 
1 9 47.2 389 
1 10 47.95 388 
1.5 1 51.55 389 
1.5 2 49.85 389 
1.5 3 53 388 
1.5 4 52.4 389 
1.5 5 49.7 388 
1.5 6 54.95 387 
1.5 7 52.2 388 
1.5 8 52.4 389 
1.5 9 55.05 389 
1.5 10 53.7 388 
2 1 57.85 388 
2 2 63 388 
2 3 65.75 388 
2 4 59.15 389 
2 5 54.95 389 
2 6 54.55 386 
2 7 61.3 389 
2 8 66.85 389 
2 9 59 388 
2 10 56.7 388 
2.5 1 57.4 389 
2.5 2 61.1 388 
2.5 3 61.25 388 
2.5 4 58.05 389 
2.5 5 63.3 389 
2.5 6 59.05 389 
2.5 7 64.05 389 
2.5 8 64.5 389 
2.5 9 59.8 389 
2.5 10 60.6 389 
3 1 57.45 389 
3 2 58.8 389 
3 3 57.8 389 
3 4 58.85 387 
3 5 56.85 389 
3 6 57.25 388 
3 7 60.65 389 
3 8 58.2 389 
3 9 60.1 389 
3 10 58.3 389 
3.5 1 52.85 389 
3.5 2 54.5 389 
3.5 3 55.55 388 
3.5 4 53.65 388 
3.5 5 55.4 389 
3.5 6 51.45 389 
3.5 7 56.75 389 
3.5 8 55.6 389 
3.5 9 54.15 389 
3.5 10 54.5 389 
4 1 51.55 389 
4 2 49.2 389 
4 3 50.45 389 
4 4 51.85 388 
4 5 52.15 389 
4 6 51.45 389 
4 7 52 389 
4 8 49.05 388 
4 9 51.3 389 
4 10 49 389 
4.5 1 47.55 389 
4.5 2 44.6 389 
4.5 3 46.05 388 
4.5 4 45.85 389 
4.5 5 46.35 388 
4.5 6 45.05 389 
4.5 7 47 388 
4.5 8 47 389 
4.5 9 47.2 389 
4.5 10 47.05 388 
5 1 42.45 388 
5 2 43.1 387 
5 3 42.6 388 
5 4 42.25 389 
5 5 42.8 389 
5 6 42.95 388 
5 7 43.05 389 
5 8 41.45 389 
5 9 42.05 388 
5 10 42.4 389 
5.5 1 39.2 389 
5.5 2 38.8 389 
5.5 3 39.15 389 
5.5 4 39.05 389 
5.5 5 39.1 388 
5.5 6 39.7 389 
5.5 7 38.8 389 
5.5 8 38.55 386 
5.5 9 38 389 
5.5 10 39.8 389 
6 1 36.7 389 
6 2 36.05 389 
6 3 36.95 388 
6 4 36.15 388 
6 5 37 389 
6 6 35.7 389 
6 7 35.8 388 
6 8 35.1 388 
6 9 35.5 389 
6 10 35.05 389 