0.5 1 90.05 389 
0.5 2 90.05 389 
0.5 3 87.35 389 
0.5 4 86.55 389 
0.5 5 89.4 389 
0.5 6 90.95 389 
0.5 7 91.25 389 
0.5 8 88.55 389 
0.5 9 89.7 389 
0.5 10 86 389 
1 1 48.9 388 
1 2 48.15 387 
1 3 46.35 388 
1 4 47.35 389 
1 5 48.4 389 
1 6 47.2 389 
1 7 48.45 389 
1 8 48.5 389 
1 9 47 389 
1 10 48.7 389 
1.5 1 39.1 389 
1.5 2 40.5 389 
1.5 3 39.3 389 
1.5 4 40.55 388 
1.5 5 39.5 389 
1.5 6 39.4 389 
1.5 7 41.15 389 
1.5 8 38.3 389 
1.5 9 38.8 389 
1.5 10 40.85 387 
2 1 39.2 389 
2 2 38 389 
2 3 39.4 389 
2 4 38.1 389 
2 5 37.85 388 
2 6 41.1 387 
2 7 38.2 389 
2 8 38.8 389 
2 9 40.1 387 
2 10 38.85 389 
2.5 1 37.65 388 
2.5 2 38.4 389 
2.5 3 40.75 387 
2.5 4 39.3 388 
2.5 5 37.8 389 
2.5 6 38.75 389 
2.5 7 40.95 389 
2.5 8 38.85 389 
2.5 9 40.95 389 
2.5 10 40.4 389 
3 1 38.55 389 
3 2 37.9 389 
3 3 39.55 388 
3 4 39.35 389 
3 5 40.65 389 
3 6 39.1 389 
3 7 39.5 388 
3 8 39.75 389 
3 9 40 388 
3 10 40.65 389 
3.5 1 41.15 389 
3.5 2 39.55 389 
3.5 3 38.2 389 
3.5 4 39.6 389 
3.5 5 39.4 389 
3.5 6 42.65 388 
3.5 7 39.2 388 
3.5 8 40.3 389 
3.5 9 40.3 388 
3.5 10 40.15 389 
4 1 38.5 389 
4 2 39 388 
4 3 39.35 389 
4 4 42.35 389 
4 5 38.65 389 
4 6 39.35 389 
4 7 39.9 389 
4 8 37.15 388 
4 9 39.6 389 
4 10 39.6 388 
4.5 1 39 388 
4.5 2 40.35 389 
4.5 3 38.35 389 
4.5 4 38.8 388 
4.5 5 39.9 388 
4.5 6 38 389 
4.5 7 38.15 389 
4.5 8 37.6 388 
4.5 9 40.15 389 
4.5 10 40.9 388 
5 1 37 389 
5 2 38 388 
5 3 36.95 387 
5 4 39.45 389 
5 5 38.65 389 
5 6 38.2 388 
5 7 38.95 389 
5 8 37.25 388 
5 9 38.15 388 
5 10 38.35 389 
5.5 1 35.85 389 
5.5 2 36.45 389 
5.5 3 36.15 389 
5.5 4 36.9 389 
5.5 5 38.3 389 
5.5 6 35.4 389 
5.5 7 37 389 
5.5 8 34.65 389 
5.5 9 36.25 388 
5.5 10 37.75 388 
6 1 34.65 389 
6 2 35.05 389 
6 3 33.85 389 
6 4 35.45 388 

