0.5 1 83.45 389 
0.5 2 83.1 389 
0.5 3 84.05 388 
0.5 4 83.7 389 
0.5 5 83.55 389 
0.5 6 82.1 389 
0.5 7 84.35 389 
0.5 8 83.75 389 
0.5 9 84.05 389 
0.5 10 83.3 389 
1 1 46.95 389 
1 2 47.1 389 
1 3 46.65 389 
1 4 46.2 389 
1 5 46.95 389 
1 6 46.65 388 
1 7 46.3 389 
1 8 46.7 389 
1 9 47.65 389 
1 10 46.15 389 
1.5 1 52.75 388 
1.5 2 54.95 387 
1.5 3 59.05 388 
1.5 4 54.25 388 
1.5 5 59.15 389 
1.5 6 59.35 389 
1.5 7 57.9 388 
1.5 8 56.05 389 
1.5 9 51.4 388 
1.5 10 56.6 389 
2 1 61.95 388 
2 2 61.1 389 
2 3 64.05 387 
2 4 67.9 389 
2 5 67.35 389 
2 6 65.4 389 
2 7 65.55 389 
2 8 61.15 389 
2 9 70 389 
2 10 61.75 389 
2.5 1 65.1 389 
2.5 2 59.9 387 
2.5 3 63.95 389 
2.5 4 61.85 389 
2.5 5 64.4 389 
2.5 6 63.95 389 
2.5 7 60.9 389 
2.5 8 61.4 389 
2.5 9 63.8 388 
2.5 10 66.6 388 
3 1 59.1 388 
3 2 59.25 389 
3 3 58.25 389 
3 4 58.25 389 
3 5 59.85 389 
3 6 61.2 387 
3 7 58.35 388 
3 8 59.95 387 
3 9 60.35 389 
3 10 58.05 388 
3.5 1 52.85 389 
3.5 2 54.2 388 
3.5 3 53.05 387 
3.5 4 56.2 388 
3.5 5 54.45 389 
3.5 6 55.7 389 
3.5 7 55.6 388 
3.5 8 53.35 389 
3.5 9 53.95 389 
3.5 10 55.15 389 
4 1 49.8 388 
4 2 49.8 389 
4 3 49.15 389 
4 4 50.8 388 
4 5 50.45 389 
4 6 51.45 389 
4 7 50.15 389 
4 8 48.35 389 
4 9 49.85 389 
4 10 49.85 389 
4.5 1 46.4 388 
4.5 2 45.75 389 
4.5 3 46.65 389 
4.5 4 47.95 389 
4.5 5 46.05 389 
4.5 6 44.85 388 
4.5 7 46.95 388 
4.5 8 46.15 389 
4.5 9 46.55 387 
4.5 10 47.05 389 
5 1 40.8 389 
5 2 41.3 389 
5 3 41.7 389 
5 4 42.5 389 
5 5 42.4 389 
5 6 42.1 388 
5 7 43 389 
5 8 41.15 388 
5 9 42.45 389 
5 10 42.6 389 
5.5 1 37.25 389 
5.5 2 39.1 388 
5.5 3 37.6 389 
5.5 4 38.1 389 
5.5 5 39.2 389 
5.5 6 38.8 389 
5.5 7 37.3 389 
5.5 8 38.3 388 
5.5 9 37.9 388 
5.5 10 39.35 388 
6 1 35.6 389 
6 2 36 387 
6 3 36.4 388 
6 4 35.15 389 
6 5 35.65 389 
6 6 35.35 389 
6 7 36.4 388 
6 8 35 389 
6 9 35.5 389 
6 10 34.9 389 
