0.5 1 90 66 
0.5 2 85.65 66 
0.5 3 87.35 66 
0.5 4 89.65 65 
0.5 5 86.55 66 
0.5 6 85.6 66 
0.5 7 91.25 66 
0.5 8 88.4 66 
0.5 9 85.8 66 
0.5 10 84.5 66 
1 1 47.6 66 
1 2 44.6 66 
1 3 43.9 66 
1 4 46.25 66 
1 5 46.25 66 
1 6 45.25 66 
1 7 44.7 66 
1 8 46.65 66 
1 9 47.9 66 
1 10 45.2 66 
1.5 1 39.05 66 
1.5 2 35.05 66 
1.5 3 39.95 66 
1.5 4 39.2 66 
1.5 5 43.7 66 
1.5 6 40.1 66 
1.5 7 43.7 66 
1.5 8 42.2 66 
1.5 9 38.35 66 
1.5 10 36.85 66 
2 1 39.2 66 
2 2 45.95 66 
2 3 45.85 66 
2 4 42.95 66 
2 5 61.35 66 
2 6 53.15 66 
2 7 47.15 66 
2 8 49.85 66 
2 9 43.6 66 
2 10 50 66 
2.5 1 65.65 66 
2.5 2 62.25 66 
2.5 3 55.65 66 
2.5 4 54.05 66 
2.5 5 67.15 65 
2.5 6 68.2 66 
2.5 7 60 66 
2.5 8 49.85 66 
2.5 9 67.05 66 
2.5 10 58.65 66 
3 1 78.1 66 
3 2 63.35 66 
3 3 69.85 66 
3 4 66.7 66 
3 5 63.4 66 
3 6 66.2 66 
3 7 70.5 66 
3 8 81.3 66 
3 9 60.6 66 
3 10 73.4 66 
3.5 1 86.1 66 
3.5 2 85 66 
3.5 3 86.65 66 
3.5 4 78.35 66 
3.5 5 75.3 66 
3.5 6 82.85 66 
3.5 7 100.9 66 
3.5 8 91.95 66 
3.5 9 71.35 66 
3.5 10 85 65 
4 1 76.15 66 
4 2 99.05 66 
4 3 98.45 66 
4 4 76.9 66 
4 5 103.1 66 
4 6 92.5 66 
4 7 75.1 66 
4 8 87.25 66 
4 9 87.15 66 
4 10 90.95 66 
4.5 1 92.55 66 
4.5 2 105.95 66 
4.5 3 102.7 66 
4.5 4 88.7 66 
4.5 5 100.45 66 
4.5 6 80.85 66 
4.5 7 105.15 66 
4.5 8 87 66 
4.5 9 89.35 66 
4.5 10 86 65 
5 1 93.45 66 
5 2 95 66 
5 3 90.9 66 
5 4 82.15 66 
5 5 95.2 66 
5 6 80.85 66 
5 7 84.2 65 
5 8 94.95 66 
5 9 78.75 66 
5 10 100 66 
5.5 1 77.7 66 
5.5 2 100.45 66 
5.5 3 83.25 66 
5.5 4 104.65 66 
5.5 5 92.9 66 
5.5 6 80.05 66 
5.5 7 92.05 66 
5.5 8 84.45 65 
5.5 9 85.35 66 
5.5 10 93.15 66 
6 1 84.9 66 
6 2 86.45 66 
6 3 83.4 66 
6 4 90.95 66 
6 5 96.8 66 
6 6 91.35 66 
6 7 82.7 66 
6 8 91.25 66 
6 9 82.05 66 
6 10 90.15 66 

