0.5 1 264.6 66 
0.5 2 95.4 66 
0.5 3 94.95 66 
0.5 4 233.05 66 
0.5 5 259 66 
0.5 6 90.05 66 
0.5 7 171.9 66 
0.5 8 100.55 66 
0.5 9 97.4 66 
0.5 10 184.15 66 
1 1 65.6 66 
1 2 115.6 66 
1 3 61.45 66 
1 4 70.3 66 
1 5 60.75 66 
1 6 113.4 66 
1 7 78.15 66 
1 8 75.3 66 
1 9 56.1 66 
1 10 64.9 66 
1.5 1 78.7 66 
1.5 2 56.95 66 
1.5 3 44.9 66 
1.5 4 48.15 66 
1.5 5 46.25 66 
1.5 6 59.7 66 
1.5 7 51.25 66 
1.5 8 33.65 66 
1.5 9 39.65 66 
1.5 10 61.35 66 
2 1 44.7 66 
2 2 68.5 66 
2 3 52.75 66 
2 4 49.15 66 
2 5 33.8 66 
2 6 43.1 66 
2 7 43.1 66 
2 8 51.6 66 
2 9 52.8 66 
2 10 56.75 66 
2.5 1 68.65 66 
2.5 2 53.5 66 
2.5 3 48.9 66 
2.5 4 49.4 66 
2.5 5 67.1 66 
2.5 6 67.25 66 
2.5 7 59.35 66 
2.5 8 49.65 66 
2.5 9 50.45 66 
2.5 10 58.5 66 
3 1 53.85 66 
3 2 46.6 66 
3 3 55.45 66 
3 4 45.5 66 
3 5 66.7 66 
3 6 67.25 66 
3 7 58 66 
3 8 47.3 66 
3 9 60.65 66 
3 10 48.35 66 
3.5 1 64.3 66 
3.5 2 59.05 66 
3.5 3 61.7 66 
3.5 4 47.05 66 
3.5 5 51.8 66 
3.5 6 71.7 66 
3.5 7 60.85 66 
3.5 8 62.5 66 
3.5 9 48.65 66 
3.5 10 53.5 66 
4 1 56.75 66 
4 2 60.9 66 
4 3 53.6 66 
4 4 65.6 66 
4 5 56.95 65 
4 6 56.9 66 
4 7 56.7 66 
4 8 49.45 66 
4 9 61.45 66 
4 10 56.85 66 
4.5 1 57.35 66 
4.5 2 63 66 
4.5 3 63.25 66 
4.5 4 62.9 66 
4.5 5 60.75 66 
4.5 6 61.05 66 
4.5 7 56.75 66 
4.5 8 56.9 66 
4.5 9 46.8 66 
4.5 10 59.15 66 
5 1 50.7 66 
5 2 68.55 66 
5 3 56.55 66 
5 4 69.25 66 
5 5 65 66 
5 6 49.8 66 
5 7 63.3 66 
5 8 65.8 66 
5 9 60.1 66 
5 10 48.8 66 
5.5 1 59.35 66 
5.5 2 60.65 66 
5.5 3 73.35 66 
5.5 4 56.6 66 
5.5 5 60.9 66 
5.5 6 63.85 66 
5.5 7 63.15 66 
5.5 8 54.1 66 
5.5 9 59 66 
5.5 10 62.1 66 
6 1 63.85 66 
6 2 64.8 66 
6 3 62.55 66 
6 4 67.6 66 
6 5 57.45 66 
6 6 68.7 66 
6 7 61.45 66 
6 8 56.85 66 
6 9 72.3 66 
6 10 56.85 66 
