0.5 1 91.7 66 
0.5 2 100 66 
0.5 3 99.1 66 
0.5 4 91.2 66 
0.5 5 101.5 66 
0.5 6 98.5 66 
0.5 7 96.55 66 
0.5 8 96 66 
0.5 9 96.95 66 
0.5 10 93.7 66 
1 1 50.4 66 
1 2 51.05 66 
1 3 51.25 66 
1 4 48.1 66 
1 5 48.3 66 
1 6 50.15 66 
1 7 45.95 66 
1 8 47.95 66 
1 9 47.4 66 
1 10 54.3 66 
1.5 1 44.5 66 
1.5 2 41.4 66 
1.5 3 39.85 66 
1.5 4 41.5 66 
1.5 5 37.7 66 
1.5 6 40.1 66 
1.5 7 42.55 66 
1.5 8 43.05 66 
1.5 9 44.55 66 
1.5 10 41.55 66 
2 1 50.75 66 
2 2 58 66 
2 3 60.95 66 
2 4 59.45 66 
2 5 51 66 
2 6 53.45 66 
2 7 48.45 66 
2 8 49.9 66 
2 9 57.15 65 
2 10 45.6 66 
2.5 1 70.85 66 
2.5 2 75.6 66 
2.5 3 79.2 66 
2.5 4 69.3 66 
2.5 5 54.85 66 
2.5 6 59.65 66 
2.5 7 58.1 66 
2.5 8 82.5 66 
2.5 9 70.1 66 
2.5 10 85.45 66 
3 1 81.1 66 
3 2 80.35 66 
3 3 66.5 66 
3 4 94.35 66 
3 5 98.25 66 
3 6 71.05 66 
3 7 71.95 66 
3 8 73.25 66 
3 9 66.3 66 
3 10 89.8 66 
3.5 1 104.15 66 
3.5 2 74.05 66 
3.5 3 95.55 66 
3.5 4 97.8 66 
3.5 5 80.55 66 
3.5 6 99.45 66 
3.5 7 76.8 66 
3.5 8 90.3 66 
3.5 9 95.45 66 
3.5 10 106.65 66 
4 1 97.05 66 
4 2 114.95 66 
4 3 102.45 66 
4 4 114.45 66 
4 5 107.25 66 
4 6 103.25 66 
4 7 93.15 65 
4 8 75.85 66 
4 9 105.35 66 
4 10 109.25 66 
4.5 1 106.65 65 
4.5 2 97.65 66 
4.5 3 108.55 66 
4.5 4 100 66 
4.5 5 103.75 66 
4.5 6 91.55 66 
4.5 7 103.95 66 
4.5 8 98 66 
4.5 9 96.25 66 
4.5 10 96.95 66 
5 1 109.65 66 
5 2 98.75 66 
5 3 106.05 66 
5 4 107.4 66 
5 5 94.75 66 
5 6 112.45 66 
5 7 102.45 66 
5 8 96.85 66 
5 9 102.6 66 
5 10 105.95 66 
5.5 1 98.9 66 
5.5 2 90.95 66 
5.5 3 99.05 66 
5.5 4 112.45 65 
5.5 5 117.05 66 
5.5 6 106.25 66 
5.5 7 99.25 66 
5.5 8 96.85 66 
5.5 9 120.2 66 
5.5 10 105.8 66 
6 1 108.3 66 
6 2 104.05 66 
6 3 102.5 66 
6 4 94.7 66 
6 5 110.25 66 
6 6 105.05 66 
6 7 95.5 66 
6 8 99.85 66 
6 9 97.15 66 
6 10 101.6 66