0.5 1 107.85 44 
0.5 2 103.9 44 
0.5 3 105.05 44 
0.5 4 104.4 44 
0.5 5 106.15 44 
0.5 6 106.25 44 
0.5 7 107.65 44 
0.5 8 106.55 44 
0.5 9 105.1 44 
0.5 10 102.15 44 
1 1 56.25 44 
1 2 55.55 44 
1 3 51.6 44 
1 4 54.4 44 
1 5 55.45 44 
1 6 52.9 44 
1 7 53.9 44 
1 8 53.8 44 
1 9 52.3 44 
1 10 52.1 44 
1.5 1 46.1 44 
1.5 2 47 44 
1.5 3 43.8 44 
1.5 4 39.15 44 
1.5 5 45.8 44 
1.5 6 48.25 44 
1.5 7 45.75 44 
1.5 8 45.9 44 
1.5 9 46.6 44 
1.5 10 45.35 44 
2 1 56 44 
2 2 55.2 44 
2 3 53.1 44 
2 4 48.05 44 
2 5 52.95 44 
2 6 46.05 44 
2 7 52.35 44 
2 8 59.95 44 
2 9 47.4 44 
2 10 50.35 44 
2.5 1 62.6 44 
2.5 2 56 43 
2.5 3 65.3 44 
2.5 4 62.1 44 
2.5 5 57.75 44 
2.5 6 60.55 44 
2.5 7 67.05 44 
2.5 8 60.05 44 
2.5 9 62.9 44 
2.5 10 67.55 44 
3 1 73.55 44 
3 2 76.65 44 
3 3 84.9 44 
3 4 76.95 44 
3 5 77.4 44 
3 6 75.7 43 
3 7 64.55 44 
3 8 76.65 44 
3 9 80.45 43 
3 10 65.95 44 
3.5 1 73.05 44 
3.5 2 97.2 44 
3.5 3 94.55 44 
3.5 4 88.45 44 
3.5 5 79.45 44 
3.5 6 86.75 44 
3.5 7 89.55 44 
3.5 8 82.55 44 
3.5 9 90.15 44 
3.5 10 89.45 44 
4 1 85.65 44 
4 2 95.45 44 
4 3 86 44 
4 4 83.65 44 
4 5 105.5 44 
4 6 96.6 44 
4 7 102.35 44 
4 8 81.55 44 
4 9 84.1 44 
4 10 94.4 44 
4.5 1 97.45 44 
4.5 2 91.2 44 
4.5 3 91.8 44 
4.5 4 99.35 44 
4.5 5 111.25 44 
4.5 6 103.5 44 
4.5 7 111.2 44 
4.5 8 100.15 44 
4.5 9 102.95 44 
4.5 10 106.35 44 
5 1 92.45 44 
5 2 91.7 44 
5 3 101.75 44 
5 4 92.1 44 
5 5 92.1 44 
5 6 93.75 44 
5 7 105.7 44 
5 8 93.2 44 
5 9 111.15 44 
5 10 97.9 44 
5.5 1 92.65 44 
5.5 2 87.95 43 
5.5 3 95.15 44 
5.5 4 97.3 44 
5.5 5 100.35 44 
5.5 6 95.8 44 
5.5 7 93.8 44 
5.5 8 85.7 44 
5.5 9 116.05 44 
5.5 10 96.3 44 
6 1 94.05 44 
6 2 101.15 44 
6 3 104.05 44 
6 4 83.95 44 
6 5 112.45 43 
6 6 100.35 44 
6 7 93.3 44 
6 8 92.9 44 
6 9 92.25 44 
6 10 107.75 44 
6.5 1 102.7 44 
6.5 2 89.1 44 
6.5 3 106.3 44 
6.5 4 92.2 44 
6.5 5 101.35 44 
6.5 6 97.45 44 
6.5 7 105.3 44 
6.5 8 110.5 44 
6.5 9 93.55 44 
6.5 10 94.3 44 
7 1 92.8 44 
7 2 91 43 
7 3 94.4 44 
7 4 86 44 
7 5 79.45 44 
7 6 85.7 44 
7 7 94.35 44 
7 8 88 44 
7 9 91.45 44 
7 10 92.6 44 
7.5 1 88.5 44 
7.5 2 84.5 44 
7.5 3 93.7 44 
7.5 4 93.25 44 
7.5 5 88.35 44 
7.5 6 99.45 44 
7.5 7 88.55 43 
7.5 8 97.2 44 
7.5 9 80.7 44 
7.5 10 86.7 44 
8 1 85.25 44 
8 2 90.8 44 
8 3 86.15 44 
8 4 89.9 44 
8 5 90 44 
8 6 89.05 44 
8 7 89.95 44 
8 8 80.85 44 
8 9 77.3 44 
8 10 90.15 44 
8.5 1 87.8 44 
8.5 2 86.8 44 
8.5 3 81.05 44 
8.5 4 78.35 44 
8.5 5 84.1 44 
8.5 6 86.45 44 
8.5 7 85.05 44 
8.5 8 79.05 44 
8.5 9 84.7 44 
8.5 10 83.85 44 
9 1 79 44 
9 2 82.85 43 
9 3 79.4 44 
9 4 74.8 44 
9 5 80.3 44 
9 6 71.8 44 
9 7 80.95 44 
9 8 83.1 44 
9 9 75.25 44 
9 10 84.35 44 
9.5 1 79.25 44 
9.5 2 73.05 44 
9.5 3 79.1 44 
9.5 4 75.4 44 
9.5 5 77.6 44 
9.5 6 72.65 44 
9.5 7 80.15 44 
9.5 8 81.25 44 
9.5 9 81.7 44 
9.5 10 79.45 44 
10 1 74.75 44 
10 2 66.95 44 
10 3 67.5 44 
10 4 70.85 44 
10 5 78.6 44 
10 6 75.25 44 
10 7 69.25 43 
10 8 71.4 44 
10 9 76.85 43 
10 10 80.4 44 
