0.5 1 101.35 44 
0.5 2 103.9 44 
0.5 3 103.5 44 
0.5 4 106.6 44 
0.5 5 108.5 44 
0.5 6 106.95 44 
0.5 7 109.15 44 
0.5 8 101.5 44 
0.5 9 111.1 44 
0.5 10 105.55 44 
1 1 48.95 66 
1 2 44.7 66 
1 3 45.85 66 
1 4 45.45 66 
1 5 45.2 66 
1 6 43.75 66 
1 7 44.85 66 
1 8 44.3 66 
1 9 44.95 66 
1 10 46 66 
2 1 26.35 66 
2 2 27.8 66 
2 3 28.7 66 
2 4 27.7 66 
2 5 27.05 66 
2 6 26.8 66 
2 7 27.1 66 
2 8 26.05 66 
2 9 29.7 65 
2 10 26.85 66 
3 1 23.1 66 
3 2 23.25 66 
3 3 23.25 66 
3 4 24.7 66 
3 5 23.15 66 
3 6 23 66 
3 7 22.5 66 
3 8 23.4 66 
3 9 22.7 66 
3 10 23.2 66 
4 1 22.2 66 
4 2 20.9 66 
4 3 21.6 66 
4 4 21.05 66 
4 5 22.65 66 
4 6 19.95 66 
4 7 20.95 66 
4 8 21.95 66 
4 9 21.65 66 
4 10 21.55 66 
5 1 22.1 66 
5 2 18.9 66 
5 3 19.55 66 
5 4 20.65 66 
5 5 19.9 66 
5 6 20.7 66 
5 7 20.75 66 
5 8 20.65 66 
5 9 20.3 66 
5 10 20.95 66 
6 1 19.8 66 
6 2 20.7 66 
6 3 21.1 66 
6 4 18.4 66 
6 5 18.8 66 
6 6 19.7 66 
6 7 18.95 66 
6 8 20.4 66 
6 9 18.75 66 
6 10 20.15 66 
7 1 18.45 66 
7 2 18.85 66 
7 3 17.7 66 
7 4 18.9 66 
7 5 17.15 66 
7 6 18.95 66 
7 7 19.5 66 
7 8 19.9 65 
7 9 19 66 
7 10 19.85 66 
8 1 19.3 66 
8 2 18.7 66 
8 3 17.7 66 
8 4 18.85 66 
8 5 18.3 66 
8 6 19.55 66 
8 7 17.7 66 
8 8 19.5 66 
8 9 20.2 66 
8 10 19.95 66 
9 1 19.65 66 
9 2 17.8 66 
9 3 18.25 66 
9 4 17.85 66 
9 5 20.5 65 
9 6 17.7 66 
9 7 19.15 66 
9 8 16.8 66 
9 9 19.2 66 
9 10 17.85 66 
10 1 17.1 66 
10 2 17.6 66 
10 3 16.9 66 
10 4 18.95 66 
10 5 18.8 66 
10 6 18.95 66 
10 7 19.4 66 
10 8 17.05 66 
10 9 19.15 66 
10 10 17.8 66 
