0.5 1 103.9 44 
0.5 2 111.25 44 
0.5 3 109.15 44 
0.5 4 102.3 44 
0.5 5 104.65 44 
0.5 6 104.3 44 
0.5 7 110.6 44 
0.5 8 104.95 44 
0.5 9 99.75 44 
0.5 10 102.8 44 
1 1 56.2 44 
1 2 54 44 
1 3 52.9 44 
1 4 54.1 44 
1 5 56.85 44 
1 6 56.6 44 
1 7 53.8 44 
1 8 52 44 
1 9 53.25 44 
1 10 51.35 44 
1.5 1 38.95 44 
1.5 2 38.65 44 
1.5 3 40.7 44 
1.5 4 42.45 44 
1.5 5 40 44 
1.5 6 37.65 44 
1.5 7 40.2 44 
1.5 8 41.55 44 
1.5 9 40.55 44 
1.5 10 41.45 44 
2 1 37.25 44 
2 2 37.7 44 
2 3 36.05 43 
2 4 38.75 44 
2 5 35.1 44 
2 6 39.25 44 
2 7 37.15 44 
2 8 36.65 44 
2 9 36.2 44 
2 10 36.45 44 
2.5 1 36.8 44 
2.5 2 39.9 44 
2.5 3 38.5 44 
2.5 4 36.3 44 
2.5 5 38.7 44 
2.5 6 41.3 44 
2.5 7 36 44 
2.5 8 40.15 44 
2.5 9 43.35 44 
2.5 10 40.7 44 
3 1 42 44 
3 2 42.65 44 
3 3 35.8 44 
3 4 49.5 44 
3 5 37.5 44 
3 6 48.1 44 
3 7 39.25 44 
3 8 43.05 44 
3 9 37.4 44 
3 10 37.5 44 
3.5 1 46.2 44 
3.5 2 46.3 44 
3.5 3 46.65 44 
3.5 4 44.75 44 
3.5 5 45.05 44 
3.5 6 47.1 44 
3.5 7 48.3 44 
3.5 8 51.2 44 
3.5 9 49.8 44 
3.5 10 43.45 44 
4 1 47 44 
4 2 43.65 44 
4 3 47.4 44 
4 4 43.2 44 
4 5 47.25 44 
4 6 43.75 44 
4 7 49.95 44 
4 8 50.1 43 
4 9 44.45 44 
4 10 51.4 44 
4.5 1 49.75 44 
4.5 2 46.25 44 
4.5 3 45.75 44 
4.5 4 47.15 44 
4.5 5 46.75 44 
4.5 6 52.95 44 
4.5 7 46.1 44 
4.5 8 56.8 44 
4.5 9 51.9 44 
4.5 10 53.75 44 
5 1 57.9 43 
5 2 51.5 44 
5 3 48.75 43 
5 4 52.55 44 
5 5 50.65 44 
5 6 53.2 44 
5 7 52.85 44 
5 8 53.65 44 
5 9 51.65 44 
5 10 52.3 44 
5.5 1 55.5 44 
5.5 2 58.65 44 
5.5 3 59.65 44 
5.5 4 49.55 44 
5.5 5 48.4 44 
5.5 6 47.75 44 
5.5 7 48.15 44 
5.5 8 50.35 44 
5.5 9 55.05 44 
5.5 10 51.35 44 
6 1 58.95 44 
6 2 70.15 44 
6 3 55.3 44 
6 4 63.05 44 
6 5 62.6 44 
6 6 56.95 44 
6 7 56.2 44 
6 8 57.05 44 
6 9 59 44 
6 10 53.35 44 
6.5 1 56.3 44 
6.5 2 57.45 44 
6.5 3 59.5 44 
6.5 4 63.7 44 
6.5 5 58.7 44 
6.5 6 64.2 44 
6.5 7 49.3 44 
6.5 8 58.05 44 
6.5 9 59.95 44 
6.5 10 62.85 44 
7 1 58.4 44 
7 2 59.45 44 
7 3 61.85 44 
7 4 60 44 
7 5 61.05 44 
7 6 55.35 44 
7 7 50.8 44 
7 8 58.55 44 
7 9 60.55 44 
7 10 59 44 
7.5 1 57.1 44 
7.5 2 70.4 44 
7.5 3 65.55 44 
7.5 4 57.45 44 
7.5 5 66.1 44 
7.5 6 62.15 44 
7.5 7 58.1 43 
7.5 8 65.15 44 
7.5 9 65.5 44 
7.5 10 63.5 44 
8 1 57.45 44 
8 2 60.75 44 
8 3 63.15 44 
8 4 59.9 44 
8 5 58.9 44 
8 6 58 44 
8 7 61.9 44 
8 8 53.65 44 
8 9 59.25 44 
8 10 65.8 44 
8.5 1 59.1 44 
8.5 2 54.35 44 
8.5 3 56 44 
8.5 4 57.1 44 
8.5 5 54.1 44 
8.5 6 56.5 44 
8.5 7 53.15 44 
8.5 8 61.85 44 
8.5 9 58.25 44 
8.5 10 61.9 44 
9 1 66.9 44 
9 2 54.6 44 
9 3 57.85 44 
9 4 61.7 44 
9 5 57.55 44 
9 6 56.55 44 
9 7 60.25 44 
9 8 50.4 44 
9 9 62.3 44 
9 10 72.45 44 
9.5 1 59.75 44 
9.5 2 62.9 44 
9.5 3 63.95 44 
9.5 4 60.4 44 
9.5 5 59.5 44 
9.5 6 60.3 44 
9.5 7 63.05 44 
9.5 8 57.5 44 
9.5 9 56.8 44 
9.5 10 57.4 44 
10 1 63.3 44 
10 2 56.85 44 
10 3 63.8 44 
10 4 63.9 44 
10 5 59.1 44 
10 6 58.7 44 
10 7 62.75 44 
10 8 52.95 44 
10 9 62.7 44 
10 10 61.7 43 
