0.5 1 104 44 
0.5 2 105.35 44 
0.5 3 108 44 
0.5 4 107.35 44 
0.5 5 103.45 44 
0.5 6 111.8 44 
0.5 7 103.75 44 
0.5 8 108 44 
0.5 9 108.5 44 
0.5 10 101.5 44 
1 1 57.75 44 
1 2 52.9 44 
1 3 56.55 44 
1 4 55.45 44 
1 5 57.1 44 
1 6 56.4 44 
1 7 56.9 44 
1 8 52.65 44 
1 9 54.45 44 
1 10 53 44 
1.5 1 45.8 44 
1.5 2 44.55 44 
1.5 3 40.85 44 
1.5 4 41.3 44 
1.5 5 48.2 44 
1.5 6 43.55 44 
1.5 7 41.2 44 
1.5 8 46.9 44 
1.5 9 43.55 44 
1.5 10 42 44 
2 1 42 44 
2 2 44.45 44 
2 3 48.05 44 
2 4 47.05 44 
2 5 43.4 44 
2 6 40.95 44 
2 7 42.1 44 
2 8 48 44 
2 9 54.4 44 
2 10 48.95 44 
2.5 1 58.6 44 
2.5 2 54.6 44 
2.5 3 68.35 44 
2.5 4 57.85 44 
2.5 5 49.5 44 
2.5 6 52.65 43 
2.5 7 57.1 44 
2.5 8 49.6 44 
2.5 9 61.25 44 
2.5 10 52.95 44 
3 1 65.6 44 
3 2 63.3 44 
3 3 61.85 44 
3 4 64.5 44 
3 5 55.05 44 
3 6 66.4 44 
3 7 81.65 44 
3 8 65.2 44 
3 9 67.4 44 
3 10 61.6 44 
3.5 1 88 44 
3.5 2 77.95 44 
3.5 3 75.3 44 
3.5 4 76.05 44 
3.5 5 71.25 44 
3.5 6 72.9 44 
3.5 7 79.3 44 
3.5 8 69.8 44 
3.5 9 62.05 44 
3.5 10 75.15 44 
4 1 82.8 44 
4 2 93.5 44 
4 3 86.5 44 
4 4 92.9 44 
4 5 84.1 44 
4 6 83.05 44 
4 7 78.05 43 
4 8 74.2 44 
4 9 72.15 44 
4 10 92.4 44 
4.5 1 86.15 44 
4.5 2 90.65 44 
4.5 3 89.2 44 
4.5 4 95.55 44 
4.5 5 94.35 44 
4.5 6 95.45 44 
4.5 7 76.05 44 
4.5 8 87.45 44 
4.5 9 94.7 44 
4.5 10 97.5 44 
5 1 88.2 44 
5 2 81.8 44 
5 3 86.25 44 
5 4 95.05 44 
5 5 80.15 44 
5 6 85.45 44 
5 7 103.95 44 
5 8 90.8 44 
5 9 88.35 44 
5 10 89.9 44 
5.5 1 84.9 44 
5.5 2 88.2 44 
5.5 3 90.85 44 
5.5 4 88.5 44 
5.5 5 95.8 44 
5.5 6 97.1 44 
5.5 7 91 44 
5.5 8 102.9 44 
5.5 9 95.6 44 
5.5 10 89.55 44 
6 1 84.1 43 
6 2 86.15 44 
6 3 101.45 44 
6 4 103.15 44 
6 5 94.6 44 
6 6 89.6 44 
6 7 90.4 44 
6 8 77.5 44 
6 9 84.85 44 
6 10 94.05 44 
6.5 1 85.1 44 
6.5 2 94.8 44 
6.5 3 88.85 44 
6.5 4 86.75 44 
6.5 5 88.9 44 
6.5 6 90.6 44 
6.5 7 97.2 44 
6.5 8 92.4 44 
6.5 9 88.5 44 
6.5 10 89.6 44 
7 1 102.7 44 
7 2 82.05 44 
7 3 95.7 44 
7 4 83.5 44 
7 5 82.5 44 
7 6 79.35 44 
7 7 79.2 44 
7 8 87.5 44 
7 9 92.8 44 
7 10 92.3 44 
7.5 1 81 44 
7.5 2 78.45 44 
7.5 3 82.95 44 
7.5 4 93.1 44 
7.5 5 88.25 44 
7.5 6 90.85 44 
7.5 7 82.45 44 
7.5 8 84.35 44 
7.5 9 95.9 44 
7.5 10 81.75 44 
8 1 79.3 44 
8 2 82.2 44 
8 3 85.4 43 
8 4 77.2 44 
8 5 78.3 44 
8 6 83.2 44 
8 7 83.2 44 
8 8 84.45 44 
8 9 81.45 44 
8 10 84.35 44 
8.5 1 66.55 44 
8.5 2 81.05 44 
8.5 3 76.95 44 
8.5 4 88.05 44 
8.5 5 80.6 44 
8.5 6 84.65 44 
8.5 7 79.2 44 
8.5 8 80.75 44 
8.5 9 83.35 44 
8.5 10 73 44 
9 1 71.1 44 
9 2 79.1 44 
9 3 80.5 44 
9 4 80.6 44 
9 5 83.25 44 
9 6 75 44 
9 7 75.45 44 
9 8 73.35 44 
9 9 79.3 44 
9 10 72.8 44 
9.5 1 76.2 44 
9.5 2 77.1 44 
9.5 3 75.2 44 
9.5 4 80.1 44 
9.5 5 72.65 44 
9.5 6 79.8 44 
9.5 7 76.1 44 
9.5 8 72.75 44 
9.5 9 74.15 44 
9.5 10 82.1 44 
10 1 80.65 43 
10 2 71.9 44 
10 3 73.05 44 
10 4 74.65 44 
10 5 83.8 44 
10 6 75.4 44 
10 7 73.35 43 
10 8 74.1 44 
10 9 71.65 44 
10 10 68.4 44 
