0.5 1 101.35 44 
0.5 2 103.9 44 
0.5 3 103.5 44 
0.5 4 106.6 44 
0.5 5 108.5 44 
0.5 6 106.95 44 
0.5 7 109.15 44 
0.5 8 101.5 44 
0.5 9 111.1 44 
0.5 10 105.55 44 
1 1 55 44 
1 2 52.95 44 
1 3 51.7 44 
1 4 55.6 44 
1 5 52.1 44 
1 6 52.3 44 
1 7 53.75 44 
1 8 54.5 44 
1 9 53.8 44 
1 10 53.75 44 
1.5 1 37.55 44 
1.5 2 38.95 44 
1.5 3 38.85 44 
1.5 4 37.15 44 
1.5 5 40.1 44 
1.5 6 39.45 44 
1.5 7 39.05 44 
1.5 8 36.75 44 
1.5 9 38.45 44 
1.5 10 38.1 44 
2 1 32.35 44 
2 2 31.4 44 
2 3 33.9 44 
2 4 33 44 
2 5 31.9 44 
2 6 32.2 44 
2 7 33.8 43 
2 8 32.7 44 
2 9 33.1 44 
2 10 32.1 44 
2.5 1 30.2 44 
2.5 2 29.35 44 
2.5 3 28.85 44 
2.5 4 29.75 44 
2.5 5 29.35 44 
2.5 6 30 44 
2.5 7 29.05 44 
2.5 8 28.25 44 
2.5 9 30.65 44 
2.5 10 28.9 44 
3 1 30.3 44 
3 2 29.1 44 
3 3 26.8 44 
3 4 28.45 44 
3 5 29.1 44 
3 6 26.7 44 
3 7 29.8 44 
3 8 27.35 44 
3 9 26.75 44 
3 10 28.05 43 
3.5 1 27.8 44 
3.5 2 27.35 44 
3.5 3 27.3 44 
3.5 4 27 44 
3.5 5 26.05 44 
3.5 6 26.95 44 
3.5 7 28.55 44 
3.5 8 26.45 44 
3.5 9 28.2 44 
3.5 10 28.5 44 
4 1 28.8 44 
4 2 28.3 44 
4 3 28 44 
4 4 26.45 44 
4 5 28.2 44 
4 6 27.55 44 
4 7 25.6 44 
4 8 29.15 44 
4 9 28.6 44 
4 10 28.5 44 
4.5 1 26.75 44 
4.5 2 29.65 44 
4.5 3 25.5 44 
4.5 4 24.15 44 
4.5 5 27.75 44 
4.5 6 27.4 44 
4.5 7 27.3 43 
4.5 8 28.55 44 
4.5 9 25.45 44 
4.5 10 26.75 44 
5 1 27.6 44 
5 2 27.75 44 
5 3 26.3 44 
5 4 28.6 44 
5 5 28.35 44 
5 6 27.75 44 
5 7 25.2 44 
5 8 27.75 44 
5 9 26.4 44 
5 10 26 43 
5.5 1 27.35 44 
5.5 2 24.85 44 
5.5 3 28.3 44 
5.5 4 28.3 43 
5.5 5 26.8 44 
5.5 6 27.8 44 
5.5 7 27.05 44 
5.5 8 25.55 44 
5.5 9 27.75 44 
5.5 10 26.3 44 
6 1 29.6 44 
6 2 24.9 44 
6 3 25.55 44 
6 4 27.3 44 
6 5 26.7 44 
6 6 28.1 44 
6 7 24.5 44 
6 8 24 44 
6 9 28.75 44 
6 10 29.8 44 
6.5 1 24.95 44 
6.5 2 26.5 44 
6.5 3 25.65 44 
6.5 4 27.5 44 
6.5 5 27.65 44 
6.5 6 26.15 44 
6.5 7 26.85 44 
6.5 8 28 44 
6.5 9 27.2 44 
6.5 10 27.65 44 
7 1 27.1 44 
7 2 27.4 44 
7 3 26.45 44 
7 4 26.9 44 
7 5 27.05 44 
7 6 28.95 44 
7 7 27.75 44 
7 8 26.6 44 
7 9 25.8 44 
7 10 26.85 44 
7.5 1 26.85 44 
7.5 2 26.65 44 
7.5 3 28.1 44 
7.5 4 26.45 44 
7.5 5 29.45 44 
7.5 6 24.3 44 
7.5 7 28.8 44 
7.5 8 26.6 44 
7.5 9 28.9 44 
7.5 10 27.1 44 
8 1 26.9 44 
8 2 24.2 44 
8 3 27.75 44 
8 4 25.85 44 
8 5 26.45 44 
8 6 26.9 44 
8 7 25.4 44 
8 8 25.4 44 
8 9 28.8 44 
8 10 26.4 44 
8.5 1 29.1 44 
8.5 2 26.8 44 
8.5 3 24.35 44 
8.5 4 27.55 44 
8.5 5 23.7 44 
8.5 6 26.85 44 
8.5 7 26.05 44 
8.5 8 24.95 44 
8.5 9 26.9 44 
8.5 10 26.2 43 
9 1 27.8 44 
9 2 24.8 44 
9 3 28.1 44 
9 4 28.1 44 
9 5 28.5 44 
9 6 28.15 44 
9 7 30.25 44 
9 8 25.2 44 
9 9 28.05 44 
9 10 27.55 44 
9.5 1 27.15 44 
9.5 2 24.35 43 
9.5 3 25.3 44 
9.5 4 29.1 44 
9.5 5 26.15 44 
9.5 6 27.75 44 
9.5 7 26.55 44 
9.5 8 26.5 44 
9.5 9 26.95 44 
9.5 10 25.7 44 
10 1 24.3 44 
10 2 25.95 44 
10 3 24.2 44 
10 4 26.2 44 
10 5 25.8 44 
10 6 26.4 43 
10 7 27.25 44 
10 8 27.45 44 
10 9 28.25 44 
10 10 26.1 44 
