0.5 1 99.6 44 
0.5 2 107.05 44 
0.5 3 107.7 44 
0.5 4 108.1 44 
0.5 5 106.5 44 
0.5 6 114.15 44 
0.5 7 101.45 44 
0.5 8 104.2 44 
0.5 9 104.65 44 
0.5 10 103.55 44 
1 1 55.35 44 
1 2 54.6 44 
1 3 52.1 44 
1 4 55.55 44 
1 5 52.7 44 
1 6 54.15 44 
1 7 57.45 44 
1 8 51.45 44 
1 9 51.3 44 
1 10 58.4 44 
1.5 1 47.35 44 
1.5 2 49.45 44 
1.5 3 48.2 44 
1.5 4 39.85 44 
1.5 5 44.05 44 
1.5 6 48 44 
1.5 7 44.75 44 
1.5 8 48.1 44 
1.5 9 44.65 44 
1.5 10 46.7 44 
2 1 53.1 44 
2 2 59.25 44 
2 3 56.5 44 
2 4 56.1 44 
2 5 65.4 43 
2 6 61.2 44 
2 7 57.1 44 
2 8 53.7 44 
2 9 59.05 44 
2 10 66.1 44 
2.5 1 73.55 44 
2.5 2 67.15 44 
2.5 3 67.85 44 
2.5 4 64.3 44 
2.5 5 64.45 44 
2.5 6 78.45 44 
2.5 7 69.9 44 
2.5 8 72.3 44 
2.5 9 73.3 44 
2.5 10 74.75 44 
3 1 92.6 44 
3 2 72.95 44 
3 3 96 44 
3 4 77.15 44 
3 5 102.05 44 
3 6 85.95 44 
3 7 100.65 44 
3 8 93.9 44 
3 9 96.65 44 
3 10 98.05 44 
3.5 1 103.8 44 
3.5 2 106.2 44 
3.5 3 108.6 44 
3.5 4 106.4 44 
3.5 5 97.3 44 
3.5 6 86.15 44 
3.5 7 91.15 44 
3.5 8 83.4 44 
3.5 9 93.15 44 
3.5 10 94.1 44 
4 1 110.3 43 
4 2 101.85 44 
4 3 86.65 44 
4 4 101.95 44 
4 5 121.55 44 
4 6 98.1 44 
4 7 102.1 44 
4 8 109.05 44 
4 9 113.55 44 
4 10 109.1 44 
4.5 1 113.75 44 
4.5 2 104.95 44 
4.5 3 99.55 44 
4.5 4 121.55 44 
4.5 5 119.65 44 
4.5 6 99.1 44 
4.5 7 107 44 
4.5 8 98.3 44 
4.5 9 101.55 44 
4.5 10 109.6 44 
5 1 101.6 44 
5 2 104.9 44 
5 3 99.65 44 
5 4 98.2 44 
5 5 109.5 44 
5 6 109.4 44 
5 7 106.95 44 
5 8 99.4 44 
5 9 113.55 44 
5 10 99.2 44 
5.5 1 99.4 44 
5.5 2 110.9 44 
5.5 3 106.2 44 
5.5 4 105.6 44 
5.5 5 111.45 44 
5.5 6 106.55 44 
5.5 7 98.85 44 
5.5 8 117.35 44 
5.5 9 97.6 43 
5.5 10 108.15 43 
6 1 108.05 44 
6 2 97.6 44 
6 3 98.95 44 
6 4 112.55 44 
6 5 106.7 44 
6 6 92.35 44 
6 7 107.3 44 
6 8 112.3 44 
6 9 99.1 44 
6 10 104.35 44 
6.5 1 103.45 44 
6.5 2 102.1 44 
6.5 3 99 44 
6.5 4 104.9 44 
6.5 5 104.7 44 
6.5 6 92.05 44 
6.5 7 101.25 44 
6.5 8 101.65 44 
6.5 9 106.2 44 
6.5 10 100 44 
7 1 91.45 44 
7 2 88.2 44 
7 3 92.55 44 
7 4 94.2 43 
7 5 90.4 44 
7 6 88.75 44 
7 7 87.6 44 
7 8 83.9 44 
7 9 100.3 44 
7 10 92.45 44 
7.5 1 95.75 44 
7.5 2 91.2 44 
7.5 3 90.2 44 
7.5 4 90.15 44 
7.5 5 93.35 44 
7.5 6 92.25 44 
7.5 7 85.65 44 
7.5 8 80.35 44 
7.5 9 86.05 43 
7.5 10 97.55 44 
8 1 87.6 44 
8 2 87.7 44 
8 3 89.15 44 
8 4 81.6 44 
8 5 87.55 44 
8 6 87.15 43 
8 7 84.15 44 
8 8 85.65 44 
8 9 84.45 44 
8 10 90.3 44 
8.5 1 79.8 44 
8.5 2 85.85 44 
8.5 3 87.05 44 
8.5 4 81.65 44 
8.5 5 76.1 44 
8.5 6 81.25 44 
8.5 7 78.55 44 
8.5 8 83.8 44 
8.5 9 85.85 44 
8.5 10 85.45 44 
9 1 81.85 44 
9 2 79.35 44 
9 3 81.75 44 
9 4 78.4 43 
9 5 78.3 44 
9 6 87 44 
9 7 86.9 44 
9 8 75.9 44 
9 9 75.35 44 
9 10 84 44 
9.5 1 80.75 44 
9.5 2 78.25 44 
9.5 3 73.65 44 
9.5 4 80 44 
9.5 5 72.95 44 
9.5 6 75.3 44 
9.5 7 78.2 43 
9.5 8 72 44 
9.5 9 75.25 44 
9.5 10 83.65 43 
10 1 79.45 44 
10 2 74.8 44 
10 3 74.65 44 
10 4 71.75 44 
10 5 68.8 44 
10 6 74.2 44 
10 7 79.35 44 
10 8 72.2 44 
10 9 75.8 44 
10 10 76.4 44 
