0.5 1 104.15 44 
0.5 2 103.6 44 
0.5 3 105.1 44 
0.5 4 104.8 44 
0.5 5 103.95 44 
0.5 6 107.05 44 
0.5 7 102.75 44 
0.5 8 104.45 44 
0.5 9 102.6 44 
0.5 10 102.05 44 
1 1 55.35 44 
1 2 54.65 44 
1 3 51.8 44 
1 4 54.45 44 
1 5 54.2 44 
1 6 56.45 44 
1 7 56.9 44 
1 8 54.5 44 
1 9 53.75 44 
1 10 53.85 44 
1.5 1 42.75 44 
1.5 2 40.1 44 
1.5 3 44.2 44 
1.5 4 43.15 44 
1.5 5 42.55 44 
1.5 6 41.5 44 
1.5 7 40.25 44 
1.5 8 40.7 44 
1.5 9 42.45 44 
1.5 10 43.4 44 
2 1 41.6 44 
2 2 40.8 44 
2 3 41.85 44 
2 4 39.65 44 
2 5 38.3 44 
2 6 37.4 44 
2 7 38.05 44 
2 8 37.75 44 
2 9 43.25 44 
2 10 41.8 44 
2.5 1 42.45 44 
2.5 2 47.25 44 
2.5 3 46.3 44 
2.5 4 50.5 44 
2.5 5 52.4 44 
2.5 6 48 44 
2.5 7 48.2 44 
2.5 8 40.7 44 
2.5 9 39.55 44 
2.5 10 42.3 44 
3 1 53.25 44 
3 2 62.65 44 
3 3 54.95 44 
3 4 48.35 44 
3 5 56.5 44 
3 6 44.05 44 
3 7 56.6 44 
3 8 50.05 43 
3 9 57.55 44 
3 10 52.5 44 
3.5 1 66.95 44 
3.5 2 55.95 44 
3.5 3 64.45 43 
3.5 4 57.6 44 
3.5 5 62.7 44 
3.5 6 59.55 44 
3.5 7 50.9 44 
3.5 8 63.2 44 
3.5 9 56.15 44 
3.5 10 63.9 44 
4 1 61.05 44 
4 2 66.5 44 
4 3 64.2 44 
4 4 63.35 44 
4 5 67.7 44 
4 6 66.65 44 
4 7 54.2 44 
4 8 61.95 44 
4 9 65.85 44 
4 10 62.2 44 
4.5 1 61.45 44 
4.5 2 71.15 44 
4.5 3 64.25 44 
4.5 4 62.6 44 
4.5 5 68.35 44 
4.5 6 75.8 44 
4.5 7 63.35 44 
4.5 8 67.8 44 
4.5 9 66.1 44 
4.5 10 65.1 44 
5 1 76.7 44 
5 2 71.7 44 
5 3 83.5 44 
5 4 76.85 44 
5 5 82.7 44 
5 6 86.35 44 
5 7 74.15 44 
5 8 69.35 44 
5 9 61.9 44 
5 10 76.6 44 
5.5 1 66.9 44 
5.5 2 73.95 44 
5.5 3 76.3 44 
5.5 4 75.5 44 
5.5 5 65.35 44 
5.5 6 71.2 44 
5.5 7 72.05 44 
5.5 8 78.75 44 
5.5 9 71.35 44 
5.5 10 72.35 44 
6 1 71.55 44 
6 2 78.8 44 
6 3 84.9 44 
6 4 80.05 44 
6 5 75.15 44 
6 6 72.65 44 
6 7 83.05 44 
6 8 81.5 44 
6 9 76.65 43 
6 10 89.95 44 
6.5 1 72.95 44 
6.5 2 79.65 44 
6.5 3 81.3 44 
6.5 4 72.4 44 
6.5 5 72.4 44 
6.5 6 80.75 43 
6.5 7 81.1 43 
6.5 8 67.35 44 
6.5 9 72.95 44 
6.5 10 92.2 44 
7 1 76.35 43 
7 2 79 44 
7 3 83.1 44 
7 4 77.9 44 
7 5 77.6 44 
7 6 80.5 44 
7 7 88.65 44 
7 8 68.1 44 
7 9 76.95 44 
7 10 75.5 44 
7.5 1 72.5 44 
7.5 2 73.95 43 
7.5 3 86.6 44 
7.5 4 80.1 43 
7.5 5 71.2 44 
7.5 6 82.7 44 
7.5 7 82.25 44 
7.5 8 76.9 44 
7.5 9 74.4 44 
7.5 10 78.85 44 
8 1 74.2 44 
8 2 73.2 44 
8 3 78.65 44 
8 4 85.2 43 
8 5 79.4 44 
8 6 72.2 44 
8 7 84.8 44 
8 8 72.9 44 
8 9 81.35 44 
8 10 68.45 44 
8.5 1 68.65 44 
8.5 2 78.6 44 
8.5 3 68.8 44 
8.5 4 71.5 44 
8.5 5 70.15 44 
8.5 6 71.8 44 
8.5 7 73.65 44 
8.5 8 83.25 44 
8.5 9 69.6 44 
8.5 10 75.95 44 
9 1 78.5 44 
9 2 70.1 44 
9 3 66.3 44 
9 4 72.6 44 
9 5 70.15 44 
9 6 68.5 44 
9 7 72.6 44 
9 8 75.5 44 
9 9 63.75 44 
9 10 82.15 43 
9.5 1 70.65 44 
9.5 2 76.75 44 
9.5 3 68.5 44 
9.5 4 78.45 44 
9.5 5 72.05 44 
9.5 6 64.25 44 
9.5 7 67.5 44 
9.5 8 69.55 44 
9.5 9 68.55 44 
9.5 10 67.6 44 
10 1 67.05 44 
10 2 62.5 44 
10 3 68.55 44 
10 4 69.4 44 
10 5 74.6 44 
10 6 67.55 44 
10 7 73.1 44 
10 8 70.9 44 
10 9 73.85 44 
10 10 62.3 44 

